X,Y,TYPE,SPEED,DIRTYPE,DIRECTION
7.16161,43.65574,1,30,0,0
2.13139,48.78004,1,30,1,204
2.41889,48.76255,1,30,2,142
5.33187,45.95477,1,50,1,201
5.33106,45.95344,1,50,1,22
5.75139,45.85130,1,50,1,61
5.75250,45.85184,1,50,1,241
3.30120,49.84606,1,50,1,38
3.41344,46.15495,1,50,1,241
6.57503,44.64535,1,50,1,39
7.29611,43.70009,1,50,1,196
7.26992,43.69647,1,50,1,66
7.27942,43.70697,1,50,1,270
7.51571,43.78370,1,50,2,252
7.47087,43.75806,1,50,1,248
7.47251,43.75819,1,50,1,84
7.51624,43.78381,1,50,1,73
7.27150,43.71275,1,50,1,188
7.46640,43.75913,1,50,1,135
4.35974,44.47495,1,50,1,51
4.61329,44.30594,1,50,1,184
4.84070,45.05814,1,50,1,202
4.66222,44.82346,1,50,1,246
4.18992,44.43264,1,50,1,218
4.72581,50.01780,1,50,1,193
4.58546,49.81767,1,50,1,134
4.68277,49.78416,1,50,1,305
1.60139,42.85710,1,50,1,185
1.11576,43.01137,1,50,1,128
4.08516,48.28938,1,50,1,237
4.69831,48.24010,1,50,1,143
2.36332,43.21041,1,50,1,112
5.43864,43.28479,1,50,1,263
5.36368,43.29453,1,50,1,148
5.36479,43.30293,1,50,1,194
0.13893,49.31469,1,50,1,317
0.41135,49.14217,1,50,1,262
2.46083,44.94470,1,50,1,209
-0.13490,45.80179,1,50,1,114
0.11813,45.66908,1,50,1,311
0.06882,45.81725,1,50,1,125
-0.13563,45.80205,1,50,1,292
-0.59063,45.72926,1,50,1,105
-0.58859,45.72894,1,50,1,299
2.41392,47.10978,1,50,1,26
2.16901,46.99345,1,50,1,277
2.39122,47.08913,1,50,1,221
2.43229,47.36667,1,50,1,184
9.44675,42.68235,1,50,1,359
8.71595,41.90878,1,50,1,95
8.80932,41.96189,1,50,1,53
8.75644,41.93210,1,50,1,332
8.79393,41.88462,1,50,1,230
8.74417,41.93348,1,50,1,70
5.03370,47.33697,1,50,1,56
5.07185,47.31604,1,50,1,284
5.25674,47.21840,1,50,1,300
2.13454,46.02537,1,50,1,99
1.91923,46.22195,1,50,1,180
2.46900,46.22174,1,50,1,204
0.02939,44.85173,1,50,1,266
6.80645,47.49809,1,50,1,324
6.00956,47.25099,1,50,1,70
4.80010,44.70531,1,50,1,198
0.80530,49.26298,1,50,1,37
1.38885,48.40196,1,50,1,237
1.53220,48.41669,1,50,1,138
1.70959,48.14967,1,50,1,246
1.41966,43.61001,1,50,1,118
1.39579,43.58050,1,50,1,210
1.41287,43.56774,1,50,1,46
1.41004,43.57848,1,50,1,54
0.58263,43.63347,1,50,1,16
-0.38437,44.66369,1,50,1,143
-0.11074,44.85558,1,50,1,272
-0.60819,44.95981,1,50,1,173
-0.16609,44.87881,1,50,1,125
-0.71035,44.95989,1,50,1,139
3.84147,43.60895,1,50,1,102
3.47564,43.31898,1,50,1,190
3.47544,43.31822,1,50,1,12
3.82249,43.63202,1,50,1,182
-1.99572,48.09321,1,50,1,227
-1.94176,47.93002,1,50,1,181
1.73196,46.82023,1,50,1,292
1.69458,46.80363,1,50,1,105
5.99781,45.35882,1,50,1,238
5.59709,45.50973,1,50,1,37
5.45875,46.59775,1,50,1,36
5.31806,46.98057,1,50,1,229
5.50110,46.64125,1,50,1,210
1.36276,47.61473,1,50,1,218
4.10851,46.13823,1,50,1,163
4.28556,45.55697,1,50,1,214
4.24129,45.63222,1,50,1,331
3.86446,45.05515,1,50,1,109
3.88822,45.03917,1,50,1,5
1.89538,47.89774,1,50,1,355
1.89671,47.90506,1,50,1,233
2.75289,47.98191,1,50,1,143
2.75483,47.98083,1,50,1,306
1.88245,47.89798,1,50,1,90
2.75675,47.96948,1,50,1,147
2.75723,47.96905,1,50,1,342
1.40138,44.48156,1,50,1,145
1.37045,44.51202,1,50,1,135
0.16749,44.50246,1,50,1,330
0.72245,44.39845,1,50,1,279
0.64723,44.21179,1,50,1,50
3.45071,44.66132,1,50,1,338
-0.12499,47.19662,1,50,1,200
-0.53322,47.46953,1,50,1,301
-0.50950,47.48871,1,50,1,52
4.01144,49.16222,1,50,1,12
4.31517,48.96239,1,50,1,310
4.58536,48.76373,1,50,1,333
4.09560,49.14953,1,50,1,167
4.39294,48.74047,1,50,2,87
3.61216,48.73181,1,50,1,95
4.00438,49.29021,1,50,1,328
3.60942,48.73204,1,50,1,272
5.14228,48.10530,1,50,1,326
5.48712,48.28515,1,50,1,75
5.31167,47.77231,1,50,1,204
5.33600,47.74707,1,50,1,311
-0.91788,48.29673,1,50,1,261
-0.19705,48.46026,1,50,1,237
-0.75269,48.06905,1,50,1,247
-0.70335,48.03262,1,50,1,309
-0.62062,48.30749,1,50,1,129
6.17658,48.67895,1,50,1,155
6.22479,48.70096,1,50,1,221
5.15281,48.76739,1,50,1,56
5.24008,48.91776,1,50,1,33
5.43474,49.13602,1,50,1,337
5.62548,49.21305,1,50,1,82
5.63003,49.38074,1,50,1,168
5.43523,49.03390,1,50,1,151
5.44051,48.89637,1,50,1,63
6.54936,48.96699,1,50,1,173
6.55045,48.96477,1,50,1,314
3.22744,47.11754,1,50,1,60
3.16680,46.99675,1,50,1,146
3.15694,46.96547,1,50,1,358
3.13258,46.99525,1,50,1,295
3.13948,46.97612,1,50,1,44
3.12135,46.94559,1,50,1,256
3.15811,46.94603,1,50,1,358
3.97727,50.30566,1,50,1,176
3.37317,50.14295,1,50,1,110
2.63179,50.71320,1,50,1,3
2.63179,50.71398,1,50,1,184
2.49148,50.75278,1,50,0,0
3.10087,50.77728,1,50,1,237
1.76887,49.36076,1,50,1,158
2.48198,49.37770,1,50,1,267
2.19781,49.33499,1,50,1,162
2.84998,49.15919,1,50,1,56
1.86484,49.20458,1,50,1,136
2.61929,49.38152,1,50,1,13
2.21331,49.45799,1,50,1,260
3.01012,49.40292,1,50,1,110
2.22640,49.17653,1,50,1,306
1.99173,49.50412,1,50,1,307
1.99168,49.50408,1,50,1,126
2.61139,49.22306,1,50,1,234
1.94342,49.41818,1,50,1,258
3.11047,49.59152,1,50,1,64
1.95514,49.59843,1,50,1,169
0.76113,48.65226,1,50,1,217
0.06902,48.75652,1,50,1,79
2.89489,50.46186,1,50,1,233
3.44015,45.82757,1,50,1,101
3.03912,45.76585,1,50,1,76
-1.56899,43.44980,1,50,1,54
0.07209,43.25692,1,50,1,176
0.43072,43.11678,1,50,1,105
0.06632,43.22004,1,50,1,286
3.03311,42.63782,1,50,1,165
2.88978,42.69424,1,50,1,317
7.78764,48.57235,1,50,1,61
7.78496,48.58575,1,50,1,197
7.32782,48.06840,1,50,1,69
7.35237,47.75795,1,50,1,31
7.10941,48.17144,1,50,1,93
4.84939,45.67970,1,50,1,201
4.83280,45.75195,1,50,1,206
4.84229,45.72317,1,50,1,358
4.90280,45.76514,1,50,1,106
4.85987,45.78248,1,50,2,185
4.87669,45.72297,1,50,1,293
4.86572,45.72599,1,50,1,113
4.82386,45.76734,1,50,1,267
4.95055,45.68421,1,50,1,304
4.83629,45.77269,1,50,1,97
4.82240,45.70111,1,50,1,334
6.28470,47.69641,1,50,1,210
6.37716,47.82881,1,50,1,162
4.36785,46.82433,1,50,1,336
6.23503,46.17679,1,50,1,149
6.23606,46.17564,1,50,1,358
6.09653,46.14496,1,50,1,341
2.37821,48.83674,1,50,1,143
2.30491,48.86461,1,50,1,88
2.34754,48.87911,1,50,1,244
2.35881,48.82098,1,50,1,349
2.35869,48.85273,1,50,1,121
2.35650,48.85380,1,50,1,119
2.40973,48.84723,1,50,2,98
2.40847,48.84723,1,50,1,98
2.37785,48.83700,1,50,1,322
2.35635,48.81600,1,50,1,27
2.33502,48.83711,1,50,1,37
2.39053,48.84077,1,50,1,288
2.36146,48.81621,1,50,1,279
2.36054,48.84711,1,50,1,315
1.07491,49.91392,1,50,1,173
1.84597,48.98977,1,50,1,257
1.93151,48.99568,1,50,1,294
2.13765,48.86747,1,50,1,276
1.61076,49.01935,1,50,1,0
2.09832,48.88670,1,50,1,76
2.05307,48.92463,1,50,1,326
2.12385,48.94256,1,50,1,74
2.16479,48.76377,1,50,1,279
2.12327,48.81716,1,50,1,119
1.85896,48.64268,1,50,1,304
2.10035,48.88703,1,50,1,270
2.14883,48.80975,1,50,1,229
1.90612,48.76603,1,50,1,119
2.13343,48.80511,1,50,1,84
2.13820,48.80548,1,50,1,265
2.10683,48.87761,1,50,1,47
-0.19200,46.41804,1,50,1,245
-0.20987,46.96330,1,50,1,348
-0.43122,46.31701,1,50,1,267
5.93095,43.12944,1,50,1,266
5.81246,43.11072,1,50,1,158
5.82371,43.10092,1,50,1,310
0.33715,46.59746,1,50,1,7
0.36285,46.58840,1,50,1,301
0.71141,46.40449,1,50,1,246
1.06396,46.12277,1,50,1,262
1.28822,45.82519,1,50,1,147
1.23705,45.80561,1,50,1,214
1.14427,46.16706,1,50,1,209
1.24378,45.82160,1,50,1,93
1.25379,45.81453,1,50,1,342
1.29327,46.19876,1,50,1,71
6.77597,48.16685,1,50,1,331
3.84023,47.51232,1,50,2,124
3.73276,47.98357,1,50,1,188
3.26637,48.22802,1,50,1,332
3.65176,47.85470,1,50,1,262
6.92383,47.67198,1,50,1,210
6.85225,47.64121,1,50,1,88
2.41834,48.64797,1,50,1,323
2.50005,48.71964,1,50,1,175
2.39365,48.68794,1,50,1,103
2.43007,48.70310,1,50,1,250
2.34007,48.66511,1,50,1,9
2.22406,48.83804,1,50,1,182
2.22470,48.86800,1,50,1,111
2.20176,48.82584,1,50,1,93
2.22430,48.81546,1,50,1,69
2.30166,48.73627,1,50,1,11
2.21079,48.88631,1,50,1,278
2.24087,48.88676,1,50,1,89
2.25283,48.82256,1,50,1,64
2.22662,48.84544,1,50,1,196
2.25891,48.80727,1,50,1,355
2.19795,48.80887,1,50,1,256
2.20610,48.89034,1,50,1,50
2.23867,48.87538,1,50,1,43
2.26330,48.89787,1,50,1,146
2.38802,48.93971,1,50,1,353
2.55625,48.85008,1,50,1,284
2.39301,48.90460,1,50,1,216
2.36494,48.94229,1,50,1,309
2.43957,48.77292,1,50,1,171
2.44369,48.72264,1,50,1,27
2.50879,48.74899,1,50,1,335
2.49820,48.81702,1,50,1,289
2.42679,48.84567,1,50,1,278
2.42756,48.81274,1,50,1,129
2.36197,48.98403,1,50,1,166
2.20092,48.99139,1,50,1,305
2.37912,48.98679,1,50,1,244
2.40501,48.96916,1,50,1,134
-61.56318,16.09641,1,50,1,8
-54.03156,5.49168,1,50,1,23
-52.31493,4.94468,1,50,1,256
-52.47693,5.01545,1,50,1,129
3.13488,43.59687,1,60,1,70
3.13540,43.59701,1,60,1,250
-61.06524,14.61146,1,60,1,347
6.06622,46.30653,1,70,1,174
5.59927,46.16131,1,70,1,134
5.46968,45.78025,1,70,1,153
3.28422,49.83833,1,70,1,161
3.46112,49.61775,1,70,0,0
3.45743,46.17010,1,70,1,5
2.62205,46.31814,1,70,1,347
3.37716,46.12853,1,70,1,99
3.77263,46.30389,1,70,1,196
6.26492,44.00957,1,70,1,274
5.60337,43.85714,1,70,1,104
6.16073,44.50641,1,70,1,209
7.20723,43.66578,1,70,1,81
7.19764,43.68588,1,70,1,348
7.18506,43.65800,1,70,1,252
7.18416,43.65763,1,70,1,71
7.19772,43.68574,1,70,1,166
7.06148,43.60442,1,70,1,308
7.34928,43.72657,1,70,1,248
7.27679,43.77700,1,70,1,182
7.24280,43.69206,1,70,1,222
7.10401,43.65950,1,70,2,135
4.18897,44.35990,1,70,1,231
4.65450,44.70528,1,70,1,91
4.29692,44.65936,1,70,1,355
4.77980,45.24801,1,70,1,87
4.39639,44.62117,1,70,1,108
1.87868,43.09624,1,70,1,275
1.24309,43.18251,1,70,1,310
2.92011,43.30645,1,70,1,80
2.33305,44.52472,1,70,1,310
5.42233,43.55371,1,70,1,136
5.55337,43.64408,1,70,1,83
-0.33277,49.18954,1,70,1,148
-0.57001,49.22983,1,70,1,122
-0.56274,49.22739,1,70,1,297
-0.51518,49.17680,1,70,1,80
-0.23819,48.88642,1,70,1,86
-0.49274,48.89024,1,70,1,92
-0.79766,49.21593,1,70,1,53
-0.98785,48.84027,1,70,1,92
-0.18872,49.23944,1,70,1,205
2.52989,45.44030,1,70,1,61
0.14468,45.63947,1,70,1,340
0.69325,45.87334,1,70,1,47
0.13489,45.63024,1,70,1,115
0.50364,45.85097,1,70,1,223
0.18496,45.85372,1,70,1,349
-0.99229,46.31879,1,70,1,168
-0.75156,45.73514,1,70,1,245
-0.55516,45.55669,1,70,1,10
2.50869,46.99607,1,70,1,317
2.72755,47.01201,1,70,1,299
2.72270,47.01312,1,70,1,119
9.26940,41.58138,1,70,1,125
9.48234,42.61109,1,70,1,146
9.38202,42.51099,1,70,1,242
9.36527,42.50642,1,70,1,81
8.91866,41.66381,1,70,1,119
9.50566,42.58684,1,70,1,347
9.54668,42.25679,1,70,1,11
9.54874,42.26642,1,70,1,185
9.50998,42.57888,1,70,1,344
9.51618,42.57607,1,70,1,155
8.77184,41.98772,1,70,1,138
8.75396,42.04285,1,70,1,328
5.00139,47.27054,1,70,1,21
5.00411,47.32789,1,70,1,120
4.99647,47.34612,1,70,1,332
-2.60981,48.50839,1,70,1,223
-3.06766,48.57889,1,70,1,255
-2.08635,48.38891,1,70,1,29
-3.14897,48.31372,1,70,1,64
0.51420,44.87802,1,70,1,269
1.24400,44.86979,1,70,1,305
0.51888,44.85416,1,70,1,85
0.52100,44.85466,1,70,1,273
5.96160,47.22210,1,70,1,70
5.99402,47.20115,1,70,1,50
6.55841,47.13248,1,70,1,139
6.84100,47.45922,1,70,1,25
6.70289,47.46525,1,70,1,57
6.72501,47.50309,1,70,1,207
1.28539,49.17168,1,70,1,300
0.75463,49.22654,1,70,1,220
0.92940,49.10448,1,70,1,110
1.16005,48.77143,1,70,1,262
1.46659,48.48523,1,70,1,52
1.23664,48.06847,1,70,1,276
1.53477,48.84650,1,70,1,110
4.29020,43.77855,1,70,1,228
0.63045,42.99039,1,70,1,177
0.63671,43.07733,1,70,1,243
0.61930,43.01797,1,70,1,34
1.36922,43.74314,1,70,1,158
-0.55534,44.88344,1,70,1,287
3.84179,43.59881,1,70,1,324
3.92250,43.60739,1,70,1,259
3.92289,43.60756,1,70,1,79
-2.01516,48.61628,1,70,1,136
-1.90255,48.64735,1,70,1,295
-2.10603,48.59348,1,70,1,71
-1.79361,48.05880,1,70,1,82
-2.08536,47.70162,1,70,1,169
-1.96836,48.62915,1,70,1,78
0.54924,47.56484,1,70,1,163
0.43925,47.30558,1,70,1,66
0.89584,47.21419,1,70,1,140
5.75396,45.06662,1,70,1,27
5.35586,45.56783,1,70,1,264
5.79034,45.05061,1,70,1,240
5.58431,46.71360,1,70,1,26
-1.10739,44.45198,1,70,1,50
-1.10747,44.45198,1,70,1,231
1.34728,47.60356,1,70,1,140
0.82488,47.91627,1,70,1,62
1.30479,47.56755,1,70,1,211
1.07419,47.79693,1,70,1,344
1.69669,47.32975,1,70,1,48
1.41660,47.53422,1,70,1,124
1.07378,47.79745,1,70,1,164
4.37975,45.46513,1,70,1,148
3.93314,46.12423,1,70,1,300
4.30620,45.36889,1,70,1,350
4.43020,45.43440,1,70,1,52
4.39471,45.41034,1,70,1,66
4.09440,45.73821,1,70,1,276
4.41017,45.42011,1,70,2,41
4.40541,45.41621,1,70,1,42
3.50194,45.20224,1,70,1,161
3.50260,45.20161,1,70,1,334
-1.85386,47.19475,1,70,1,135
-1.49583,47.26200,1,70,1,236
-1.64995,47.21873,1,70,1,104
-1.25363,47.35393,1,70,1,233
-1.52122,47.25397,1,70,1,109
-2.31050,47.28254,1,70,1,293
-2.31163,47.28290,1,70,1,117
2.76373,48.15247,1,70,1,177
1.97157,47.86327,1,70,1,115
1.74325,47.85371,1,70,1,239
1.76194,47.93453,1,70,1,256
1.84498,47.87443,1,70,1,66
2.95813,48.02814,1,70,1,264
1.99632,44.64640,1,70,1,151
0.33532,44.20462,1,70,1,21
0.69375,44.17177,1,70,1,123
0.61936,44.16132,1,70,1,317
0.35865,44.62097,1,70,1,191
-0.54888,47.48394,1,70,1,202
-0.56568,47.46789,1,70,1,39
-0.90186,47.07064,1,70,1,211
-0.41588,47.41959,1,70,1,98
-1.13344,48.58703,1,70,1,103
-1.63360,49.62940,1,70,1,68
-1.56812,48.80448,1,70,1,166
4.36042,48.94744,1,70,1,63
4.03275,49.22973,1,70,1,225
3.88627,49.27310,1,70,1,101
3.92402,49.05149,1,70,1,280
4.65990,48.70583,1,70,1,294
4.58314,48.76774,1,70,1,138
5.15671,48.37669,1,70,1,6
5.65376,47.77587,1,70,1,122
5.03105,48.60308,1,70,1,133
5.05028,48.13870,1,70,1,207
5.29270,47.66112,1,70,1,212
-0.77101,48.05883,1,70,1,105
-0.29371,48.14581,1,70,1,117
-0.77103,48.05897,1,70,1,285
5.89375,48.65083,1,70,1,41
5.12131,48.74904,1,70,1,297
6.06333,49.23265,1,70,1,30
3.11781,46.99567,1,70,1,68
3.10227,47.00050,1,70,1,295
3.92934,50.28078,1,70,1,265
3.08572,50.63437,1,70,1,55
2.41717,50.75635,1,70,1,54
2.41950,50.75843,1,70,1,209
2.89523,49.18453,1,70,1,231
1.78118,49.45892,1,70,1,119
2.99338,49.23506,1,70,1,235
2.98271,49.23045,1,70,1,58
2.24651,49.36734,1,70,1,340
2.67991,49.14567,1,70,1,139
1.85042,49.28119,1,70,1,288
-0.01778,48.74912,1,70,1,104
-0.43174,48.72980,1,70,1,305
2.10885,50.80294,1,70,1,297
2.78407,50.30107,1,70,1,188
2.22267,50.39197,1,70,1,109
1.62521,50.70277,1,70,2,155
3.11924,45.78495,1,70,1,14
3.12503,45.75853,1,70,1,127
3.15839,45.94621,1,70,1,33
3.07982,46.03162,1,70,1,340
2.69684,45.60321,1,70,1,219
3.11930,45.76237,1,70,1,152
-1.52418,43.49390,1,70,1,278
-1.61680,43.41265,1,70,1,61
-0.32431,43.30403,1,70,1,291
-1.71216,43.36192,1,70,1,91
-1.63715,43.36955,1,70,1,335
-1.36810,43.49251,1,70,1,254
0.13226,43.33899,1,70,1,195
0.10833,43.27615,1,70,1,16
2.92111,42.62429,1,70,1,176
7.80735,48.63970,1,70,1,224
7.73899,48.57074,1,70,1,273
7.54086,48.33879,1,70,1,38
7.38554,47.59934,1,70,1,298
7.32108,48.26890,1,70,1,252
4.75652,45.82665,1,70,1,138
4.80262,45.76350,1,70,1,135
4.81773,45.73326,1,70,1,211
4.89201,45.72378,1,70,1,65
4.84685,45.71605,1,70,1,263
4.54476,45.86776,1,70,1,126
6.15975,47.63313,1,70,1,309
4.84243,46.78970,1,70,1,152
4.83818,46.31117,1,70,1,203
3.74104,46.62821,1,70,1,109
4.94081,46.55716,1,70,1,270
4.32088,47.00845,1,70,1,179
4.86204,46.37650,1,70,1,31
4.85270,46.89440,1,70,1,345
0.31551,47.80283,1,70,1,241
0.20043,47.97952,1,70,1,89
0.75317,47.92951,1,70,1,276
6.68301,45.19316,1,70,1,153
6.51938,45.49285,1,70,1,340
6.73948,45.58286,1,70,1,222
6.51932,45.49320,1,70,1,337
6.86332,45.90048,1,70,2,137
6.08704,46.05158,1,70,1,342
6.46115,46.34075,1,70,1,64
5.88413,46.04541,1,70,1,159
6.00530,46.00181,1,70,1,191
2.30977,48.89656,1,70,1,240
2.39627,48.89002,1,70,1,347
2.37965,48.82205,1,70,1,228
2.25452,48.85432,1,70,1,225
2.28797,48.88569,1,70,1,47
2.41380,48.86087,1,70,1,175
2.28080,48.83241,1,70,1,301
2.31002,48.82344,1,70,1,109
2.36206,48.90074,1,70,1,91
2.29871,48.82604,1,70,1,288
2.26920,48.86735,1,70,1,24
2.41325,48.86964,1,70,1,180
2.41439,48.84557,1,70,1,7
2.37517,48.90049,1,70,1,279
2.45676,48.81854,1,70,1,233
2.37018,48.81859,1,70,1,63
1.20049,49.44537,1,70,1,230
0.81158,49.63276,1,70,1,58
0.81263,49.63322,1,70,1,238
1.98531,48.77027,1,70,1,241
2.07400,48.90582,1,70,1,180
2.06135,48.94527,1,70,1,172
1.89147,48.72465,1,70,1,41
1.72009,48.97845,1,70,1,186
2.11216,48.83441,1,70,1,352
2.15593,48.85597,1,70,1,208
2.14811,48.84647,1,70,1,22
2.14793,48.84647,1,70,1,201
2.15610,48.85597,1,70,1,28
2.15702,48.87085,1,70,1,353
2.17926,48.79333,1,70,1,358
2.14751,48.83230,1,70,1,346
2.15687,48.78310,1,70,1,324
2.15716,48.87096,1,70,1,155
-0.29695,46.57148,1,70,1,205
-0.46656,46.26276,1,70,1,0
-0.05719,46.29965,1,70,1,233
-0.05749,46.19166,1,70,1,117
-0.04834,46.18855,1,70,1,296
1.81983,50.15180,1,70,1,344
2.17164,43.96165,1,70,1,264
2.17126,43.96116,1,70,1,69
2.03063,43.56796,1,70,1,90
2.21327,43.92140,1,70,1,287
2.39182,43.89831,1,70,1,279
1.15033,44.12417,1,70,1,225
1.35979,44.05655,1,70,1,202
6.61055,43.23544,1,70,1,354
6.48663,43.49300,1,70,1,46
4.94789,43.93483,1,70,1,192
4.79775,44.11974,1,70,1,28
4.84203,43.92807,1,70,1,304
4.94792,43.93261,1,70,1,353
5.05715,43.87441,1,70,1,100
5.05895,43.87428,1,70,1,281
4.80936,43.92178,1,70,1,2
-1.67341,46.71916,1,70,1,246
-1.41624,46.70486,1,70,1,12
0.35572,46.62904,1,70,1,196
0.19731,46.75883,1,70,1,163
0.49929,46.84952,1,70,1,320
0.33574,46.55530,1,70,1,57
0.33969,46.81610,1,70,1,275
0.83975,46.41625,1,70,1,73
1.11848,46.05173,1,70,1,352
1.15917,45.98393,1,70,1,163
1.11626,45.86902,1,70,1,128
0.96004,46.16412,1,70,1,2
0.95038,46.17132,1,70,1,140
1.27687,45.86659,1,70,2,28
6.72730,47.89995,1,70,1,89
7.11672,48.28830,1,70,1,126
3.60509,47.74033,1,70,1,338
3.44007,48.18507,1,70,1,50
3.71330,47.91781,1,70,1,174
3.26081,48.17207,1,70,1,156
6.83217,47.72213,1,70,1,173
2.27990,48.67024,1,70,1,195
2.37070,48.71963,1,70,1,178
2.25357,48.61160,1,70,1,22
2.25161,48.88747,1,70,1,115
2.26477,48.88348,1,70,1,297
2.29058,48.90643,1,70,1,51
2.15154,48.82681,1,70,1,3
2.24090,48.88686,1,70,1,296
2.25648,48.89011,1,70,1,40
2.47243,48.88293,1,70,1,322
2.45088,48.78993,1,70,1,327
2.33754,48.81117,1,70,1,329
2.54853,48.72771,1,70,1,269
2.54853,48.72771,1,70,1,87
2.09800,49.01947,1,70,1,48
2.41540,49.08861,1,70,1,348
55.48872,-20.88669,1,70,1,274
-61.48257,16.21713,1,70,1,104
-61.62963,16.20810,1,70,1,44
-53.99370,5.48700,1,70,1,268
-52.37134,4.91102,1,70,1,140
4.79281,43.79629,1,80,1,76
3.31595,43.82707,1,80,1,156
6.91144,47.88731,1,80,1,94
5.29046,46.21169,1,90,1,270
5.32739,45.95796,1,90,1,210
5.16881,45.88422,1,90,1,217
5.08017,46.05981,1,90,1,34
5.30453,46.31284,1,90,1,6
5.29136,46.12949,1,90,1,340
4.87090,46.04892,1,90,1,222
4.91509,45.88462,1,90,1,246
5.10756,46.18537,1,90,1,71
5.77408,45.80665,1,90,1,192
5.43409,46.07651,1,90,1,288
5.17572,46.00758,1,90,1,206
5.10121,45.92778,1,90,1,278
4.92702,46.41212,1,90,1,204
4.96024,46.13608,1,90,1,184
5.12200,46.36389,1,90,1,350
5.01672,46.26437,1,90,1,112
5.00186,45.96019,1,90,1,44
5.57588,46.80210,1,90,1,36
5.29771,45.85063,1,90,1,196
4.91853,45.80859,1,90,1,132
3.17412,49.39698,1,90,1,283
3.70666,49.68326,1,90,1,18
3.48049,49.36324,1,90,1,135
4.11864,49.89134,1,90,1,134
3.23868,49.94760,1,90,1,157
3.62048,49.54975,1,90,1,51
3.34837,49.46620,1,90,1,354
3.34219,49.90927,1,90,1,39
3.91823,49.98820,1,90,1,185
3.37092,49.21530,1,90,1,190
3.52490,49.06570,1,90,1,219
3.63422,49.31041,1,90,1,266
3.87790,49.81876,1,90,1,230
3.27016,49.69800,1,90,1,57
3.75292,49.51769,1,90,1,344
3.50461,49.60708,1,90,1,106
3.75368,49.52449,1,90,1,208
3.65056,49.31022,1,90,1,100
3.34036,49.36241,1,90,1,61
3.34036,49.36241,1,90,1,241
3.36876,46.46566,1,90,1,5
3.48899,46.26865,1,90,1,119
3.28454,46.23538,1,90,1,7
3.28539,46.34591,1,90,1,164
3.36773,46.45823,1,90,1,186
3.34460,46.48798,1,90,2,233
3.42782,46.24202,1,90,1,187
3.47687,46.59104,1,90,1,250
3.66824,46.54067,1,90,1,86
2.86739,46.32201,1,90,1,283
3.38327,46.07459,1,90,1,14
3.46112,46.08291,1,90,1,334
3.48826,46.18969,1,90,1,212
3.56673,46.53538,1,90,1,275
3.32540,46.31616,1,90,1,263
2.61694,46.58889,1,90,1,347
3.47239,46.51738,1,90,1,64
3.02925,46.37619,1,90,1,192
3.69660,46.24853,1,90,1,216
3.29539,46.38114,1,90,1,39
3.90514,46.45621,1,90,1,95
3.35897,46.43081,1,90,1,26
3.83082,46.47996,1,90,1,320
3.02275,46.36421,1,90,1,45
5.86368,43.88565,1,90,1,57
5.83221,43.85747,1,90,1,224
5.99326,44.11618,1,90,1,136
6.01980,44.07628,1,90,1,331
6.13938,44.04815,1,90,1,245
6.10999,44.03618,1,90,1,75
6.20679,44.05891,1,90,1,0
6.73996,43.96280,1,90,1,238
6.48157,43.96018,1,90,1,281
5.86388,44.26025,1,90,1,307
6.47880,44.39692,1,90,1,110
5.83300,43.89705,1,90,1,98
6.60126,44.92675,1,90,1,123
6.15401,44.57723,1,90,1,272
6.03465,44.47589,1,90,1,188
6.36340,44.52950,1,90,1,77
6.60479,44.66070,1,90,1,236
6.08641,44.64779,1,90,1,8
5.92012,44.56198,1,90,1,270
5.79879,44.32322,1,90,1,120
6.05070,44.52228,1,90,1,154
6.50670,44.56184,1,90,1,193
6.03808,44.70884,1,90,1,141
7.07407,43.65857,1,90,1,179
7.25209,43.73435,1,90,1,99
7.29538,43.73278,1,90,1,271
4.64328,44.73792,1,90,1,67
4.73294,45.28779,1,90,1,202
4.68459,44.44768,1,90,1,10
4.78682,44.94130,1,90,1,322
4.33882,44.52664,1,90,1,187
4.62395,44.57272,1,90,1,49
4.26696,44.39704,1,90,1,218
4.70327,49.74891,1,90,1,173
5.09246,49.67529,1,90,1,95
4.37620,49.53425,1,90,1,215
4.57762,49.46877,1,90,1,4
4.71817,49.39835,1,90,1,289
4.74259,49.80776,1,90,1,336
4.62919,49.86257,1,90,1,18
4.23203,49.60038,1,90,1,321
4.24704,49.58602,1,90,1,151
4.63074,49.89056,1,90,1,146
4.39059,49.87185,1,90,1,276
4.57480,49.37335,1,90,1,182
4.56406,49.34592,1,90,1,209
4.42786,49.72735,1,90,1,220
1.60993,43.19700,1,90,1,173
1.83419,42.64974,1,90,1,32
1.89734,43.03486,1,90,1,6
1.77205,42.75118,1,90,1,340
1.58982,43.02401,1,90,1,118
1.63884,42.91705,1,90,1,351
1.19630,42.99555,1,90,1,259
3.85517,48.49410,1,90,1,137
3.69970,48.24247,1,90,1,250
4.02425,48.24583,1,90,1,198
4.00419,48.20367,1,90,1,18
4.24450,48.15769,1,90,1,302
4.37899,48.09871,1,90,1,166
3.49417,48.48272,1,90,1,275
4.61038,48.26738,1,90,1,55
4.10432,48.35845,1,90,1,186
4.36824,48.39676,1,90,1,212
3.46002,48.47219,1,90,1,246
4.08532,48.26142,1,90,1,120
3.89603,48.46100,1,90,1,327
3.95664,48.28647,1,90,1,88
4.44002,48.23800,1,90,1,264
3.88566,48.49459,1,90,1,1
4.76712,48.19863,1,90,1,134
4.16591,48.33704,1,90,1,75
4.20609,48.34423,1,90,2,76
3.48137,48.48635,1,90,1,134
4.13622,48.49635,1,90,1,13
2.94371,43.08328,1,90,1,190
3.05106,43.14243,1,90,1,165
3.06019,43.12738,1,90,1,306
3.00006,42.90615,1,90,1,350
2.24347,43.03886,1,90,1,323
1.87533,43.33991,1,90,1,298
2.29839,43.14163,1,90,1,124
2.33836,44.52045,1,90,1,338
2.73684,44.50684,1,90,1,155
2.69502,44.39052,1,90,1,289
2.97339,44.04513,1,90,1,79
2.98769,44.23270,1,90,1,7
2.09548,44.41328,1,90,1,358
2.65382,44.56799,1,90,1,152
3.02822,44.33666,1,90,1,165
2.38458,44.39176,1,90,1,281
2.30033,44.31394,1,90,1,68
2.41599,44.29066,1,90,1,308
2.91183,43.94836,1,90,1,213
3.00113,44.08007,1,90,1,268
5.37808,43.32795,1,90,2,175
5.34717,43.35568,1,90,1,146
5.40457,43.28431,1,90,1,258
5.28298,43.40510,1,90,1,243
4.93072,43.84688,1,90,1,136
5.49346,43.65494,1,90,1,10
4.92578,43.78531,1,90,1,270
5.19177,43.53646,1,90,1,153
4.62767,43.66793,1,90,1,314
4.97081,43.42661,1,90,1,111
4.65033,43.72222,1,90,1,213
5.09274,43.67550,1,90,1,186
5.02974,43.41146,1,90,1,283
5.35350,43.37990,1,90,1,143
5.36316,43.35661,1,90,1,166
5.37348,43.42319,1,90,1,54
5.42111,43.51148,1,90,1,255
5.63193,43.48911,1,90,1,268
5.34666,43.34435,1,90,1,153
4.95995,43.53099,1,90,1,166
4.95590,43.54316,1,90,1,346
-0.31168,49.17479,1,90,1,309
-0.32935,49.19711,1,90,1,218
-0.78520,48.78418,1,90,1,147
-0.64533,49.03563,1,90,1,334
0.36503,49.14362,1,90,1,273
0.22709,49.18189,1,90,1,203
-0.43017,49.19125,1,90,1,101
-0.04889,49.00302,1,90,1,34
0.07884,49.25731,1,90,1,262
-0.73635,49.02065,1,90,1,188
-0.76981,48.84197,1,90,1,268
-0.13293,49.25609,1,90,1,84
0.30313,49.09590,1,90,1,146
2.32578,44.93752,1,90,1,301
2.40773,44.89674,1,90,1,58
2.65595,45.00682,1,90,1,225
2.97276,45.13232,1,90,1,73
2.58548,44.95428,1,90,1,238
2.20123,44.72815,1,90,1,146
2.30921,44.88157,1,90,1,16
2.39194,45.29667,1,90,1,299
0.03271,45.67037,1,90,1,93
0.53387,45.93419,1,90,1,47
0.26993,45.59395,1,90,1,344
-0.20585,45.49350,1,90,1,100
-0.31627,45.59273,1,90,1,338
0.04340,45.28103,1,90,1,209
0.74421,45.91979,1,90,1,339
0.66132,46.04286,1,90,1,39
0.20064,45.98931,1,90,1,177
0.67440,46.06503,1,90,1,76
-1.13971,46.18150,1,90,1,89
-1.10709,46.11798,1,90,1,330
-0.97532,45.63539,1,90,1,226
-0.96516,45.91067,1,90,1,2
-0.86757,46.00854,1,90,1,75
-0.80912,46.14950,1,90,1,145
-0.69534,45.77512,1,90,1,308
-1.08297,45.81960,1,90,1,327
-0.96526,45.72307,1,90,1,30
-0.76022,45.57305,1,90,1,328
-0.71822,46.14564,1,90,1,33
-1.03559,46.12060,1,90,1,291
-0.94210,45.95818,1,90,1,105
-1.10525,46.12725,1,90,1,54
2.61163,47.11421,1,90,1,258
2.36261,46.73619,1,90,1,103
2.31968,47.20472,1,90,1,181
2.29783,47.07902,1,90,1,265
2.78456,47.29619,1,90,1,231
2.19036,47.28360,1,90,1,233
2.21227,47.29390,1,90,1,55
1.68266,45.20894,1,90,1,192
1.55453,45.12359,1,90,1,359
1.42773,45.22228,1,90,1,166
1.83354,45.19873,1,90,1,131
1.99315,45.36575,1,90,1,35
1.38977,45.48388,1,90,1,7
1.41975,45.23005,1,90,1,149
1.49991,45.46412,1,90,1,300
1.51897,45.10115,1,90,1,342
9.39666,41.96022,1,90,1,8
8.82703,42.56934,1,90,1,240
9.17359,41.41075,1,90,1,22
9.30073,41.65322,1,90,1,28
9.25712,41.56734,1,90,1,83
9.48152,42.47845,1,90,1,349
9.54114,42.31454,1,90,1,351
9.24844,41.56650,1,90,1,82
8.80250,42.56164,1,90,1,233
9.39655,41.95944,1,90,1,187
9.14993,41.51037,1,90,1,31
5.08055,47.25344,1,90,1,306
4.48912,47.14770,1,90,1,192
4.78966,46.98188,1,90,1,23
5.05900,47.25642,1,90,1,8
5.11109,47.43742,1,90,1,35
4.81717,46.96717,1,90,1,195
5.28094,47.20895,1,90,1,101
4.29370,47.37624,1,90,1,20
4.66900,46.93543,1,90,1,123
-2.74471,48.51700,1,90,1,150
-2.74027,48.51077,1,90,1,320
-3.34734,48.24515,1,90,1,117
-3.33688,48.24161,1,90,1,303
-3.00525,48.64558,1,90,1,139
-2.84411,48.41605,1,90,1,61
-2.61787,48.17013,1,90,1,85
-2.56420,48.17579,1,90,1,239
-3.07976,48.76475,1,90,1,299
-2.95134,48.49984,1,90,1,138
-2.52978,48.52786,1,90,1,349
-2.43700,48.52064,1,90,1,60
-2.50871,48.42997,1,90,1,171
2.46774,45.89277,1,90,1,295
1.78843,45.96932,1,90,1,54
1.95576,46.12779,1,90,1,314
2.19011,45.97144,1,90,1,134
1.96827,45.97172,1,90,1,292
0.67983,45.22919,1,90,1,47
0.66948,45.18741,1,90,1,66
0.77932,45.15661,1,90,1,137
0.89704,45.12525,1,90,1,75
1.33467,45.12795,1,90,1,273
0.71005,45.15904,1,90,1,47
0.83660,45.10425,1,90,1,336
0.31612,45.03213,1,90,1,59
0.81878,45.20756,1,90,1,259
0.40009,44.83908,1,90,1,105
-0.55540,44.77214,1,90,1,343
0.12563,44.84813,1,90,1,278
0.94782,45.49635,1,90,1,21
0.85813,45.41362,1,90,1,93
0.87920,45.41569,1,90,2,73
0.39578,44.83988,1,90,1,285
0.50749,44.81317,1,90,1,328
6.36368,46.81286,1,90,1,209
6.36370,46.81265,1,90,1,28
6.82142,47.28371,1,90,1,306
6.18862,47.30848,1,90,1,233
6.44160,46.97884,1,90,1,44
6.31940,47.10792,1,90,1,321
6.78398,47.32595,1,90,1,125
6.37540,47.14233,1,90,1,293
6.64892,47.05196,1,90,1,242
6.30126,46.91829,1,90,2,118
4.95791,44.72395,1,90,1,277
4.77071,44.63399,1,90,1,209
4.81700,45.22420,1,90,1,8
4.86780,45.03294,1,90,1,358
4.70434,44.39963,1,90,1,199
4.89385,44.55289,1,90,1,93
4.88148,44.98162,1,90,1,167
4.75767,44.61591,1,90,1,16
4.73465,44.42463,1,90,1,146
4.99105,45.04873,1,90,1,106
4.90432,44.83243,1,90,1,325
4.85280,44.85283,1,90,1,173
5.01203,44.74827,1,90,1,221
4.73047,44.54013,1,90,1,3
5.04605,45.13119,1,90,1,179
5.74398,44.51540,1,90,1,43
1.27167,49.17701,1,90,1,122
1.03079,49.06421,1,90,1,304
0.80353,48.68228,1,90,1,38
1.38449,49.33545,1,90,1,315
0.70937,49.16317,1,90,1,91
0.76889,49.20912,1,90,1,177
0.72203,49.15476,1,90,1,84
0.98939,48.74616,1,90,1,264
0.94736,49.22403,1,90,1,26
0.65228,49.14015,1,90,1,219
0.85428,48.74320,1,90,1,277
0.61261,49.35320,1,90,1,264
1.11302,48.93218,1,90,1,19
1.01158,48.82593,1,90,1,235
1.32868,49.01147,1,90,1,93
1.31624,49.01191,1,90,1,274
1.64504,49.22082,1,90,1,306
0.63913,49.09583,1,90,1,130
0.86310,48.71615,1,90,1,238
0.57414,49.08563,1,90,1,183
0.93366,48.96767,1,90,1,219
1.59309,49.21444,1,90,1,18
1.09642,49.03720,1,90,1,273
0.96047,48.74214,1,90,1,71
1.28417,48.64473,1,90,1,224
1.54614,48.54285,1,90,1,196
1.21126,48.24605,1,90,1,11
1.33948,48.13256,1,90,1,208
1.18275,48.47477,1,90,1,306
1.56365,48.39461,1,90,1,315
1.96543,48.25576,1,90,1,13
1.70457,48.49750,1,90,1,71
1.59812,48.37222,1,90,1,136
1.84873,48.14167,1,90,1,343
1.39603,48.20224,1,90,1,197
1.69460,48.49448,1,90,1,238
1.42998,48.05183,1,90,1,282
0.91653,48.26078,1,90,1,264
1.37480,48.18073,1,90,1,17
1.44824,48.45418,1,90,1,214
1.61564,48.13669,1,90,1,258
1.31793,48.52872,1,90,2,336
1.29385,48.45096,1,90,1,289
-4.40200,48.39127,1,90,1,325
-4.27616,48.37635,1,90,1,108
-3.77441,48.61921,1,90,1,234
-3.95973,47.96973,1,90,1,270
-3.99672,47.90477,1,90,1,248
-4.24795,48.40214,1,90,1,161
-4.30360,48.50679,1,90,1,174
4.77242,43.94879,1,90,1,113
4.28590,43.90133,1,90,1,311
4.04728,44.18236,1,90,1,155
4.51869,43.82714,1,90,1,91
4.30049,43.74586,1,90,2,43
4.56147,44.16261,1,90,1,78
4.67555,43.94889,1,90,1,143
4.73767,44.00022,1,90,1,164
4.56068,43.70601,1,90,1,296
4.27199,43.75220,1,90,1,48
4.74203,44.05862,1,90,1,115
3.68891,43.97214,1,90,1,137
4.33436,43.77426,1,90,1,46
4.33604,43.77550,1,90,1,230
4.26395,43.98342,1,90,1,254
4.74355,43.96908,1,90,1,35
4.28197,44.11544,1,90,1,109
4.50039,43.88707,1,90,1,236
4.24517,43.85628,1,90,1,281
4.45066,43.70120,1,90,1,22
4.03114,43.88746,1,90,1,289
4.56864,43.95812,1,90,1,198
4.09752,44.04742,1,90,1,166
4.13423,44.19637,1,90,1,27
3.79661,43.95160,1,90,1,252
1.46060,43.64657,1,90,1,94
1.41041,43.60828,1,90,1,59
1.49620,43.58613,1,90,1,343
1.42988,43.39415,1,90,1,154
1.44767,43.57444,1,90,1,117
1.39861,43.59189,1,90,1,162
1.42085,43.63560,1,90,1,186
1.31941,43.60678,1,90,1,85
1.25910,43.68099,1,90,1,297
1.40687,43.76772,1,90,1,169
1.27731,43.46544,1,90,1,95
1.49657,43.32403,1,90,1,322
1.27626,43.75171,1,90,1,252
1.36265,43.75586,1,90,1,159
1.25650,43.54900,1,90,1,240
1.49649,43.58474,1,90,1,162
1.42089,43.63425,1,90,1,6
1.46303,43.56046,1,90,1,340
1.30553,43.74955,1,90,1,341
1.39878,43.59218,1,90,1,341
0.54016,43.58128,1,90,1,199
0.36621,43.49364,1,90,1,262
0.91293,43.62010,1,90,1,137
0.62381,43.66299,1,90,1,312
-0.02343,43.78292,1,90,1,261
0.64956,43.93835,1,90,1,230
0.61963,43.75982,1,90,1,0
0.47031,43.69216,1,90,1,285
0.33592,43.74867,1,90,1,298
0.46957,43.76726,1,90,1,326
-0.09342,43.67421,1,90,1,279
0.32463,43.91506,1,90,1,218
0.61051,43.55735,1,90,1,3
0.99650,43.53723,1,90,1,218
0.88155,43.45755,1,90,1,42
0.35578,43.74010,1,90,1,144
0.28822,43.42556,1,90,1,77
-0.17567,43.68729,1,90,1,109
1.12679,43.58975,1,90,1,359
0.46699,44.03255,1,90,1,22
-0.86662,44.79394,1,90,1,82
-0.67557,44.83896,1,90,1,201
-0.40961,44.98321,1,90,1,124
-0.87325,45.21985,1,90,1,333
-0.53964,44.79347,1,90,1,13
-0.46675,45.04347,1,90,1,329
-0.63160,44.78338,1,90,1,56
-0.14812,44.98087,1,90,1,227
-0.81876,45.15646,1,90,1,134
-0.52518,44.88022,1,90,1,48
-1.00510,44.97501,1,90,1,276
-0.32943,44.62403,1,90,1,140
-1.04528,45.13203,1,90,1,0
-0.26955,44.20243,1,90,1,13
-0.72904,44.84512,1,90,1,257
-1.10302,44.59636,1,90,1,359
-0.46514,44.82936,1,90,1,118
3.73114,43.56520,1,90,1,223
3.74390,43.42335,1,90,1,66
3.44240,43.30663,1,90,1,285
3.08837,43.32259,1,90,1,265
3.87401,43.78764,1,90,1,193
3.22118,43.37758,1,90,1,8
3.82133,43.68032,1,90,1,6
3.66210,43.45841,1,90,1,213
3.70013,43.43792,1,90,1,166
3.55177,43.42380,1,90,1,237
3.30622,43.38269,1,90,1,53
3.96177,43.56067,1,90,1,328
3.11371,43.28875,1,90,1,59
3.34207,43.31352,1,90,1,87
2.85574,43.47254,1,90,1,76
-1.69692,48.08146,1,90,1,155
-1.63048,48.04584,1,90,1,100
-1.75971,48.41435,1,90,1,233
-1.87706,47.86977,1,90,1,185
-1.36971,48.11574,1,90,1,255
-1.72089,47.84075,1,90,1,251
-1.91432,48.54466,1,90,1,274
-1.09989,48.32741,1,90,1,331
-1.62718,48.09188,1,90,1,230
-1.30544,48.06061,1,90,1,54
-1.70820,48.13245,1,90,1,213
-1.18249,48.18907,1,90,1,182
-1.22172,48.34336,1,90,1,156
-1.90952,48.08393,1,90,1,317
-1.19568,48.02274,1,90,1,167
-1.15144,48.27438,1,90,1,2
-1.72281,48.05267,1,90,1,290
-1.42497,48.27714,1,90,1,142
-1.45009,48.42437,1,90,1,273
-1.81465,48.02053,1,90,1,264
1.29654,46.92252,1,90,1,114
1.68366,46.78688,1,90,1,66
1.57523,47.14024,1,90,1,333
2.01240,46.57687,1,90,1,301
1.80228,46.86842,1,90,1,238
1.25684,46.63257,1,90,1,250
1.16751,46.97568,1,90,1,27
1.59793,46.79131,1,90,1,281
2.06943,46.97699,1,90,1,241
1.81962,46.82875,1,90,1,294
1.64326,46.90937,1,90,1,163
1.87858,46.90083,1,90,1,59
1.45742,46.87904,1,90,1,300
1.87209,46.70952,1,90,1,141
1.66343,46.77051,1,90,1,309
0.80970,47.29128,1,90,1,319
0.70713,47.39611,1,90,1,209
0.86887,47.40190,1,90,1,264
0.95677,47.56680,1,90,1,125
0.64902,47.36321,1,90,1,38
0.64684,47.15868,1,90,1,17
0.83986,47.53236,1,90,1,47
0.29606,47.19121,1,90,1,242
0.65895,47.61536,1,90,1,350
0.27864,47.57267,1,90,1,128
0.73691,46.88916,1,90,1,164
0.10382,47.23187,1,90,1,255
0.76689,47.38116,1,90,1,270
0.70393,47.32165,1,90,1,95
0.73885,47.59381,1,90,1,274
0.65334,47.37256,1,90,1,340
0.90529,47.39750,1,90,1,77
0.76754,47.48362,1,90,1,218
0.76512,47.48151,1,90,1,38
0.61009,47.56042,1,90,1,69
0.71341,47.36420,1,90,1,21
1.07713,47.32157,1,90,1,84
0.44943,47.24964,1,90,1,61
0.65334,47.37256,1,90,1,162
4.83240,45.48262,1,90,1,184
5.11343,45.65493,1,90,1,305
5.50746,45.34626,1,90,1,68
5.52640,45.26182,1,90,1,33
5.75380,45.16217,1,90,1,39
5.99489,45.46267,1,90,1,334
5.33254,45.41656,1,90,1,310
5.51348,45.31476,1,90,1,52
4.97980,45.50751,1,90,1,106
5.23309,45.73738,1,90,1,160
5.61001,44.85765,1,90,1,321
5.58161,45.46836,1,90,1,25
4.89750,45.35150,1,90,1,57
6.00705,45.10920,1,90,1,351
5.77750,45.12931,1,90,1,343
5.52763,45.54062,1,90,1,303
5.15992,45.78315,1,90,1,312
5.43727,45.35909,1,90,1,296
5.13711,45.62904,1,90,1,313
5.35781,45.87516,1,90,1,113
5.72936,46.88888,1,90,1,195
5.44014,46.57783,1,90,1,204
5.80617,46.37992,1,90,1,301
5.59472,46.58407,1,90,1,3
6.01417,46.55234,1,90,1,177
5.67545,46.86729,1,90,1,148
6.06445,46.47401,1,90,1,4
5.49541,47.17330,1,90,1,351
5.92224,46.74822,1,90,1,320
5.45915,47.07488,1,90,1,44
5.76006,47.16201,1,90,1,247
-1.39818,43.61548,1,90,1,236
-0.94772,43.54222,1,90,1,287
-0.29650,43.81704,1,90,1,182
-0.41905,43.85510,1,90,1,299
-0.97086,43.67129,1,90,1,321
0.00093,44.11733,1,90,1,218
-1.04474,44.50664,1,90,1,224
-0.28796,44.15038,1,90,1,183
-0.29203,43.97120,1,90,1,88
-0.74244,44.20431,1,90,1,182
-0.74270,44.19973,1,90,1,3
-1.29532,43.55423,1,90,2,89
-0.29248,43.80143,1,90,1,332
-0.61798,43.63360,1,90,1,36
-0.64984,43.59225,1,90,1,22
1.20643,47.33401,1,90,1,271
1.81329,47.28656,1,90,1,105
1.44403,47.64950,1,90,1,61
1.31291,47.78566,1,90,1,162
1.03989,47.74692,1,90,1,208
2.05490,47.38957,1,90,1,359
1.32864,47.67439,1,90,1,8
1.28133,47.54018,1,90,1,34
1.48769,47.90632,1,90,1,260
1.01709,47.71766,1,90,1,29
1.69800,47.37286,1,90,1,291
1.27772,47.41831,1,90,1,209
1.11761,47.46994,1,90,1,265
1.03062,47.78478,1,90,1,238
1.30529,47.56197,1,90,1,212
4.26537,45.59870,1,90,1,168
4.14386,45.56145,1,90,1,129
4.53312,45.31556,1,90,1,97
4.34616,45.62241,1,90,1,231
4.62048,45.29272,1,90,1,283
3.70703,45.12395,1,90,1,84
4.14182,45.29280,1,90,1,304
3.25595,45.28558,1,90,1,324
3.81722,45.20990,1,90,1,3
3.83310,45.05797,1,90,1,62
4.25077,45.34130,1,90,1,177
4.07770,45.16323,1,90,1,341
3.52458,45.17235,1,90,1,326
4.23202,45.25337,1,90,1,248
4.28904,45.17302,1,90,1,57
3.50353,45.14754,1,90,1,358
3.88505,44.79978,1,90,1,18
3.92010,45.14157,1,90,1,4
4.25272,45.36172,1,90,1,340
3.87915,45.00755,1,90,1,355
3.77548,45.02477,1,90,2,124
4.14814,45.33497,1,90,1,109
3.91573,45.27163,1,90,1,92
3.83973,45.01977,1,90,1,46
-1.62349,47.24035,1,90,1,194
-1.60651,47.26354,1,90,1,259
-2.18627,47.32229,1,90,1,254
-1.96549,47.11291,1,90,1,254
-1.74001,47.13061,1,90,1,86
-1.48397,47.20211,1,90,1,184
-1.47800,47.32606,1,90,1,190
-1.36633,47.05019,1,90,1,336
-1.28276,47.11484,1,90,1,180
-2.07648,47.46063,1,90,1,215
-1.06662,47.39655,1,90,1,257
-2.11011,47.21969,1,90,1,102
-1.83057,47.00270,1,90,1,107
-1.82918,47.00256,1,90,1,278
-1.82768,47.43386,1,90,1,226
-1.50011,47.22396,1,90,1,243
-1.52275,47.16596,1,90,1,214
-1.99515,47.63898,1,90,1,277
-1.52289,47.16558,1,90,1,38
-1.47773,47.25318,1,90,1,163
2.43737,47.79487,1,90,1,316
1.88828,47.94097,1,90,1,174
2.27958,47.89760,1,90,1,231
2.73771,47.87141,1,90,1,175
2.76764,48.07412,1,90,1,351
1.95803,47.68881,1,90,1,152
2.23825,48.20681,1,90,1,349
1.87415,48.04421,1,90,1,182
1.93567,47.86446,1,90,1,161
2.73877,47.97483,1,90,1,212
2.27998,47.89770,1,90,1,51
2.58140,47.64148,1,90,1,229
1.96718,48.02299,1,90,1,35
1.93052,47.93453,1,90,1,309
2.33809,47.93016,1,90,1,51
2.35567,47.93991,1,90,1,230
2.12770,48.16326,1,90,1,94
1.89105,48.10861,1,90,1,11
2.01487,47.74294,1,90,1,162
2.11233,48.01799,1,90,1,217
1.93026,47.93452,1,90,1,129
1.85286,44.90231,1,90,1,135
2.07931,44.64142,1,90,1,69
1.43349,44.42766,1,90,1,99
1.06875,44.51459,1,90,1,82
1.96400,44.60419,1,90,1,130
1.29726,44.70806,1,90,1,238
1.41348,44.48068,1,90,1,137
0.49733,44.23881,1,90,1,320
0.10735,44.34721,1,90,1,180
0.29717,44.53986,1,90,1,217
0.71597,44.31024,1,90,1,250
0.34104,44.37739,1,90,1,301
0.52791,44.20590,1,90,1,282
0.73425,44.26010,1,90,1,241
0.35354,44.25893,1,90,1,127
1.00351,44.49202,1,90,1,293
0.31261,44.15808,1,90,1,137
0.45489,44.36383,1,90,1,239
0.54794,44.12961,1,90,1,47
0.26180,44.43423,1,90,1,296
0.83005,44.38212,1,90,1,274
0.91075,44.47026,1,90,1,41
0.69249,44.46286,1,90,1,204
0.97800,44.43102,1,90,1,341
0.36684,44.07833,1,90,1,341
3.46283,44.50163,1,90,1,4
3.18319,44.41787,1,90,1,32
3.78192,44.27999,1,90,1,255
3.42106,44.52244,1,90,1,41
3.83092,44.71326,1,90,1,64
3.30525,44.52013,1,90,1,108
3.52572,44.53152,1,90,1,186
-0.65018,47.28696,1,90,1,40
-0.07751,47.53479,1,90,1,280
-0.71569,47.43014,1,90,1,235
-0.51706,47.46373,1,90,1,184
-0.70240,47.60510,1,90,1,338
-0.58852,47.59580,1,90,1,8
-0.18359,47.15441,1,90,1,131
-0.16804,47.41562,1,90,1,309
-0.76616,47.61427,1,90,1,74
-0.56275,47.49648,1,90,1,247
-0.59574,47.49215,1,90,1,121
-0.48977,47.53836,1,90,1,212
-0.75328,47.37966,1,90,1,159
-0.75330,47.16612,1,90,1,196
-0.42061,47.53003,1,90,1,43
-0.40315,47.31390,1,90,1,324
-0.10143,47.55820,1,90,1,199
-0.50777,47.43381,1,90,1,340
-0.76314,47.49300,1,90,1,114
-0.65340,47.16617,1,90,2,135
-1.24710,47.19915,1,90,1,203
-1.48772,49.10261,1,90,1,353
-1.47523,49.64411,1,90,1,268
-1.40945,48.71900,1,90,1,138
-1.50679,48.89361,1,90,1,242
-1.50304,48.83705,1,90,1,92
-1.71008,49.44404,1,90,1,243
-1.52365,48.80009,1,90,1,319
-1.71303,49.57561,1,90,1,236
-1.75712,49.55165,1,90,1,50
-1.28466,49.08372,1,90,1,73
-1.45881,48.83651,1,90,1,271
-1.06127,48.60061,1,90,1,243
4.22805,49.13893,1,90,1,133
3.53410,48.71970,1,90,1,80
4.04323,49.27953,1,90,1,307
3.98756,49.30692,1,90,1,148
3.96497,49.07763,1,90,1,177
4.94624,49.10192,1,90,1,288
4.20015,49.16103,1,90,1,320
4.00212,49.25475,1,90,1,280
3.84924,48.72602,1,90,1,84
4.03943,49.23470,1,90,1,143
4.20166,49.15991,1,90,1,323
3.57318,48.72861,1,90,1,250
4.38184,48.97007,1,90,1,339
5.07789,48.10779,1,90,1,239
5.49763,47.81632,1,90,1,285
5.11321,48.48458,1,90,1,168
5.36924,47.85756,1,90,1,93
4.81028,48.52057,1,90,1,196
5.40157,48.03705,1,90,1,72
5.11444,48.27243,1,90,2,145
4.87037,48.64679,1,90,1,102
5.11557,48.28476,1,90,2,48
5.11217,48.27767,1,90,1,176
5.06590,48.05584,1,90,1,33
5.27406,47.95866,1,90,1,341
5.64741,47.96230,1,90,1,288
-0.97322,48.07659,1,90,1,292
-0.70399,47.96152,1,90,1,143
-0.29990,48.42527,1,90,1,73
-0.63484,48.26198,1,90,1,29
-0.88745,48.07209,1,90,1,268
-0.73387,48.02359,1,90,1,342
-0.45888,48.12240,1,90,1,241
-0.85167,47.99207,1,90,1,209
-0.17537,48.47251,1,90,1,38
-0.65084,47.84217,1,90,1,68
-0.58202,47.96573,1,90,1,309
6.82133,48.56908,1,90,1,193
5.77204,49.54848,1,90,1,38
5.59732,49.47259,1,90,1,210
6.15597,48.73774,1,90,1,334
6.16631,48.71965,1,90,1,221
6.08430,48.92111,1,90,1,241
6.17734,48.53107,1,90,1,222
5.38336,49.14718,1,90,1,297
5.19559,48.78393,1,90,1,235
-3.49386,48.04509,1,90,1,155
-2.96202,48.02244,1,90,1,47
-2.26264,48.10141,1,90,1,213
-2.79404,48.01717,1,90,1,276
-2.78371,47.76314,1,90,1,156
-2.43809,47.73974,1,90,1,189
-2.95803,48.02568,1,90,1,214
-2.81945,47.86339,1,90,1,16
-3.22226,47.71149,1,90,1,158
-3.01675,47.73637,1,90,1,179
-3.45320,47.78768,1,90,1,322
-3.27432,47.77710,1,90,1,6
-2.55469,47.69507,1,90,1,261
-2.39581,47.55614,1,90,1,8
-3.35523,47.92344,1,90,1,343
-2.78564,47.66466,1,90,1,238
-3.23935,47.75545,1,90,1,119
-3.34033,47.83937,1,90,1,178
-2.82052,48.02215,1,90,1,115
-2.89692,47.62203,1,90,1,260
6.14756,49.10681,1,90,1,53
6.16184,49.12727,1,90,1,28
6.16467,49.34814,1,90,1,277
6.21500,49.11960,1,90,1,237
6.94839,49.15781,1,90,1,106
6.09078,49.37773,1,90,1,89
6.92896,48.65435,1,90,1,232
6.07800,49.38312,1,90,1,297
6.28295,49.40174,1,90,1,39
6.28048,49.39974,1,90,1,219
6.90470,48.64040,1,90,1,66
3.13774,46.85331,1,90,1,19
3.14311,46.86118,1,90,1,208
3.08531,47.20966,1,90,1,54
3.34659,47.33455,1,90,1,248
3.73153,47.05413,1,90,1,263
3.41845,46.84482,1,90,1,101
3.25847,46.98938,1,90,1,52
3.05693,50.35202,1,90,1,304
3.51605,50.10956,1,90,1,111
3.02093,50.62167,1,90,1,73
3.93016,50.05339,1,90,1,213
2.86409,50.57419,1,90,1,56
3.36906,50.31571,1,90,1,181
3.08966,50.58234,1,90,1,30
3.09618,50.58925,1,90,1,212
3.93070,50.09754,1,90,1,3
3.13276,50.68365,1,90,1,44
2.66783,49.40331,1,90,1,91
2.54022,49.14252,1,90,1,23
2.14973,49.48910,1,90,1,46
2.23181,49.21757,1,90,1,357
2.32082,49.60318,1,90,1,351
2.09981,49.45190,1,90,1,132
2.45610,49.26590,1,90,1,188
2.56400,49.56198,1,90,1,236
2.97107,49.59893,1,90,1,313
2.28201,49.19894,1,90,1,351
2.09667,49.33603,1,90,1,343
2.48191,49.24939,1,90,1,253
2.41999,49.41619,1,90,1,180
2.52958,49.08170,1,90,1,3
0.31496,48.81635,1,90,1,228
-0.56256,48.80757,1,90,1,5
0.16920,48.57203,1,90,1,179
0.32926,48.69886,1,90,1,255
-0.40842,48.58088,1,90,1,257
0.12975,48.62718,1,90,1,111
0.75876,48.34089,1,90,1,297
0.00736,48.79800,1,90,1,195
0.66931,48.68914,1,90,1,354
-0.70903,48.56347,1,90,1,76
-0.51986,48.67572,1,90,1,183
0.66501,48.78580,1,90,1,53
0.26786,48.74475,1,90,1,42
-0.57435,48.69022,1,90,1,151
0.54698,48.45608,1,90,1,180
-0.49406,48.54183,1,90,1,312
0.48160,48.63230,1,90,1,0
-0.29194,48.58694,1,90,1,46
2.60468,50.53377,1,90,1,124
2.41390,50.41842,1,90,1,74
1.76622,50.50316,1,90,1,169
1.87316,50.38622,1,90,1,276
1.61746,50.55205,1,90,1,341
2.29003,50.29686,1,90,1,356
1.87363,50.73836,1,90,1,157
3.21679,45.60170,1,90,1,191
2.92674,45.85890,1,90,1,270
2.88197,45.72943,1,90,1,269
3.00633,45.70085,1,90,1,92
3.14882,45.76591,1,90,1,348
3.34098,45.93302,1,90,1,5
2.69679,45.60308,1,90,1,39
-1.46737,43.51352,1,90,1,23
-0.70386,43.46450,1,90,1,300
-0.54972,43.17539,1,90,1,112
-0.49050,43.35341,1,90,1,307
-0.53342,43.35438,1,90,1,299
-0.31953,43.50136,1,90,1,22
-1.35709,43.30839,1,90,1,68
-0.80438,43.53961,1,90,1,189
-0.47136,43.42385,1,90,1,340
-0.65632,43.53620,1,90,1,123
-0.85263,43.37370,1,90,1,99
-0.44131,43.16698,1,90,1,2
-0.86467,43.50664,1,90,1,267
-1.58128,43.35996,1,90,1,313
-0.47986,43.16041,1,90,1,270
-0.26570,43.23945,1,90,1,160
-0.47087,43.16036,1,90,1,90
-1.73492,43.35746,1,90,1,41
-0.00642,43.24294,1,90,1,99
0.37599,43.00786,1,90,1,143
2.85651,42.59907,1,90,1,19
3.06139,42.52639,1,90,1,111
2.55019,42.65224,1,90,1,62
2.80819,42.65951,1,90,1,63
2.79937,42.51928,1,90,1,250
2.88318,42.66051,1,90,1,188
2.93102,42.54804,1,90,1,272
1.94302,42.45458,1,90,1,156
1.96078,42.43387,1,90,2,71
3.02135,42.75276,1,90,1,351
2.98729,42.78213,1,90,1,77
2.99920,42.78575,1,90,1,243
7.70102,48.86311,1,90,1,302
7.47394,48.24122,1,90,1,116
7.71668,48.45284,1,90,1,23
7.46272,48.86092,1,90,1,214
7.46591,48.52440,1,90,1,153
7.61616,48.96524,1,90,1,80
7.64972,48.60191,1,90,1,305
7.91981,48.83590,1,90,1,280
7.36607,48.29048,1,90,1,296
7.34481,48.52346,1,90,1,84
7.10883,48.92219,1,90,1,285
7.53984,48.38791,1,90,1,55
7.73076,48.58932,1,90,1,228
7.34161,47.83573,1,90,1,197
7.22699,48.05599,1,90,1,44
7.11760,47.74802,1,90,1,133
7.20999,47.62928,1,90,1,93
4.90720,45.76499,1,90,1,150
4.83064,45.69524,1,90,1,238
4.81243,45.79069,1,90,1,232
4.81201,45.79044,1,90,1,53
4.97614,45.77694,1,90,1,279
4.78416,45.78817,1,90,1,163
4.83065,45.69524,1,90,2,63
4.97882,45.73192,1,90,1,199
4.83563,45.70079,1,90,1,353
4.71764,45.57495,1,90,1,242
4.97238,45.77738,1,90,1,99
4.91726,45.81559,1,90,1,204
4.70594,45.56720,1,90,1,57
4.40381,45.89267,1,90,1,90
4.70575,45.56728,1,90,1,239
4.93464,45.79600,1,90,1,250
4.35285,45.91402,1,90,1,122
4.90720,45.76499,1,90,1,325
6.36392,47.65843,1,90,1,236
6.04654,47.37068,1,90,1,24
6.30528,47.72133,1,90,1,209
5.87558,47.44134,1,90,1,231
6.17821,47.62760,1,90,1,291
6.38541,47.82544,1,90,1,134
6.27680,47.56571,1,90,1,124
6.04655,47.61027,1,90,1,192
6.77477,47.54971,1,90,1,354
6.52238,47.71136,1,90,1,19
5.74182,47.31617,1,90,1,122
6.10768,47.68496,1,90,1,180
5.93501,47.70458,1,90,1,116
6.09772,47.46696,1,90,1,178
6.37534,47.66266,1,90,1,54
6.40192,47.79488,1,90,1,196
4.89000,46.78479,1,90,1,49
4.41477,46.70351,1,90,1,232
4.91728,46.73653,1,90,1,150
4.04020,46.23937,1,90,1,202
4.40959,46.42907,1,90,1,144
4.17506,46.54454,1,90,1,23
5.18961,46.69320,1,90,1,168
4.04357,46.53839,1,90,1,187
4.87312,46.68055,1,90,1,192
4.66994,46.47187,1,90,1,354
4.39547,46.88301,1,90,1,153
5.03741,46.56580,1,90,1,229
4.43644,46.41326,1,90,1,302
4.56221,46.36723,1,90,1,119
4.39594,46.70102,1,90,1,278
4.16258,46.51400,1,90,1,187
-0.09620,48.02078,1,90,1,89
0.17235,47.99669,1,90,1,175
0.37070,48.00495,1,90,1,277
0.34568,48.11426,1,90,2,52
-0.03001,47.85340,1,90,1,249
-0.09724,48.16748,1,90,1,129
0.18193,48.40737,1,90,1,101
0.17238,48.00582,1,90,1,350
0.17806,47.95940,1,90,1,168
0.53184,48.07047,1,90,1,237
-0.11335,47.72740,1,90,1,151
-0.01010,47.72341,1,90,1,204
0.02122,48.02180,1,90,1,265
0.08873,48.37460,1,90,1,356
0.18325,47.82635,1,90,1,179
0.06312,47.81390,1,90,1,38
0.57864,48.16998,1,90,1,54
-0.27872,47.80879,1,90,1,312
-0.04200,48.24084,1,90,1,47
5.92642,45.74995,1,90,1,208
5.93660,45.57178,1,90,1,313
6.12381,45.53352,1,90,1,48
5.91981,45.57754,1,90,1,117
6.38069,45.66011,1,90,1,59
5.78403,45.70361,1,90,1,101
6.30623,45.50398,1,90,1,29
6.14515,45.48537,1,90,1,43
5.71899,45.50563,1,90,1,133
6.38956,45.76082,1,90,1,125
5.81145,45.46129,1,90,1,205
5.94333,45.77706,1,90,1,9
5.79883,45.69676,1,90,1,254
6.27508,45.40124,1,90,1,178
6.62216,45.19596,1,90,1,101
6.39235,45.66304,1,90,1,269
6.18968,45.52596,1,90,1,216
5.94277,45.56805,1,90,1,121
5.90738,45.58540,1,90,1,302
6.08231,45.91488,1,90,1,0
6.35612,46.32625,1,90,1,67
6.76248,45.92461,1,90,1,345
6.31997,46.23797,1,90,1,215
6.25897,46.04637,1,90,1,55
6.24824,45.76613,1,90,1,141
6.25307,46.15192,1,90,1,309
6.35943,46.15907,1,90,1,266
6.44774,46.06856,1,90,1,97
5.99755,45.81698,1,90,1,68
6.27287,46.29214,1,90,1,41
6.43329,46.34708,1,90,1,260
6.28003,45.75506,1,90,1,283
1.14524,49.45177,1,90,1,183
1.42670,49.75060,1,90,1,83
1.04681,49.41674,1,90,1,36
1.68489,49.49515,1,90,1,319
1.05614,49.42829,1,90,1,198
1.10495,49.91861,1,90,1,229
0.73128,49.58333,1,90,1,16
0.47710,49.56040,1,90,1,266
0.99481,49.51500,1,90,1,222
1.75869,49.16925,1,90,1,330
1.25978,49.38533,1,90,1,261
0.91979,49.33631,1,90,1,17
0.75178,49.49264,1,90,2,148
0.94693,49.47298,1,90,1,149
2.84482,48.95810,1,90,1,279
3.39999,48.69254,1,90,1,268
2.60465,48.45592,1,90,1,97
2.60495,48.45595,1,90,1,277
2.68993,48.39007,1,90,1,13
2.98868,48.35650,1,90,1,289
2.60316,48.72805,1,90,1,77
2.86419,48.79422,1,90,1,310
2.68378,48.41033,1,90,1,133
2.96148,48.58158,1,90,1,104
2.50846,48.30519,1,90,1,271
2.69862,48.72303,1,90,1,188
2.97716,48.95866,1,90,1,272
2.75579,48.54862,1,90,1,281
3.05269,48.77977,1,90,1,217
3.18755,48.69257,1,90,1,90
2.81350,48.84452,1,90,1,319
2.81344,48.84426,1,90,1,139
2.09052,48.97215,1,90,1,166
1.89257,48.46084,1,90,1,111
1.83571,48.50633,1,90,1,330
-0.83631,46.93520,1,90,1,121
-0.52529,46.24251,1,90,1,92
-0.41635,46.32152,1,90,1,213
-0.66764,46.19023,1,90,1,238
-0.39919,46.34032,1,90,1,261
-0.09432,46.65390,1,90,1,87
-0.34157,46.78806,1,90,1,320
-0.19580,47.02632,1,90,1,196
-0.35884,46.87372,1,90,1,77
-0.61347,46.66374,1,90,1,338
-0.23814,46.72324,1,90,1,6
-0.23997,46.11974,1,90,1,45
-0.21742,46.59514,1,90,1,315
-0.68368,46.83776,1,90,1,327
2.54482,49.97149,1,90,1,67
2.11393,49.98702,1,90,1,340
2.81722,49.75083,1,90,1,226
2.32345,50.06926,1,90,1,185
1.60508,50.07586,1,90,1,75
2.71659,49.87366,1,90,1,269
1.66165,50.25410,1,90,1,235
1.53836,49.99950,1,90,1,330
2.75247,49.65028,1,90,1,190
2.25361,49.77865,1,90,1,2
2.48961,49.89750,1,90,1,252
1.99751,49.95880,1,90,1,93
1.73922,50.15700,1,90,1,144
2.38444,49.96027,1,90,1,40
2.87897,49.95773,1,90,2,100
1.75036,50.32038,1,90,1,176
2.70840,49.65830,1,90,1,251
2.60697,49.87195,1,90,1,269
1.94201,49.95144,1,90,1,350
3.00753,49.99067,1,90,1,203
2.16703,43.99954,1,90,1,155
1.85336,43.68232,1,90,1,95
1.79935,43.58750,1,90,1,91
1.60427,43.91957,1,90,1,258
1.79917,43.90952,1,90,1,78
2.22080,43.67888,1,90,1,331
1.83691,43.87280,1,90,1,59
1.83712,43.75560,1,90,1,256
2.25993,44.08345,1,90,1,270
2.16475,43.94327,1,90,1,113
2.16489,43.94335,1,90,1,293
2.01155,43.50418,1,90,1,355
2.02834,43.45323,1,90,1,90
2.19147,43.64050,1,90,1,300
2.53808,43.46987,1,90,1,267
2.08785,43.97752,1,90,1,126
1.92793,43.85728,1,90,1,340
2.18587,43.84154,1,90,1,154
1.73079,43.74849,1,90,1,326
2.04197,43.76760,1,90,1,256
2.06604,43.51374,1,90,1,212
1.99995,44.04644,1,90,1,318
2.27965,43.91649,1,90,1,87
1.75944,43.90915,1,90,1,75
2.22434,43.63633,1,90,1,151
1.98844,43.78227,1,90,1,148
2.30878,43.62156,1,90,1,278
2.17068,43.88199,1,90,1,318
1.21912,43.93974,1,90,1,350
1.41726,44.06677,1,90,1,222
1.23149,44.03100,1,90,1,280
1.73185,44.21554,1,90,1,62
1.28354,44.07472,1,90,1,152
1.09207,44.07787,1,90,1,166
1.31477,43.99467,1,90,1,34
1.44077,43.95629,1,90,1,132
1.02554,43.89736,1,90,1,231
1.43937,44.04302,1,90,1,64
1.19689,43.81312,1,90,1,308
1.35775,43.96863,1,90,1,349
1.38431,43.91224,1,90,1,113
1.50616,44.13570,1,90,2,44
1.20608,43.95454,1,90,1,265
1.58062,44.16890,1,90,1,255
1.36447,43.99933,1,90,1,62
1.18596,44.13249,1,90,1,68
1.46829,43.97666,1,90,1,83
1.29203,43.80373,1,90,1,164
1.44082,43.95618,1,90,1,313
1.30573,43.89462,1,90,1,198
1.86851,44.29257,1,90,1,214
1.32187,43.80710,1,90,1,325
1.36472,43.99950,1,90,1,235
1.46306,44.10295,1,90,1,42
1.51654,44.21862,1,90,1,120
1.01115,44.09223,1,90,1,86
6.12010,43.11345,1,90,1,104
6.04879,43.38477,1,90,1,303
5.86655,43.46717,1,90,1,198
6.07182,43.27575,1,90,1,204
5.81181,43.21832,1,90,1,265
6.63245,43.46256,1,90,1,259
6.08667,43.33472,1,90,1,10
6.17844,43.12482,1,90,1,83
6.54947,43.25053,1,90,1,81
6.48487,43.20742,1,90,1,243
5.97593,43.12805,1,90,1,46
6.48532,43.44801,1,90,1,236
5.74092,43.15615,1,90,1,130
6.59638,43.37131,1,90,1,177
6.58988,43.38203,1,90,1,319
4.84057,43.94893,1,90,1,185
4.90391,43.98963,1,90,1,66
4.84064,43.94871,1,90,1,5
4.99710,43.86527,1,90,1,137
4.88857,43.90750,1,90,1,312
4.97620,44.06159,1,90,1,345
4.94100,44.09942,1,90,1,114
5.21592,43.86079,1,90,1,71
4.94627,43.88564,1,90,1,108
5.14642,43.75723,1,90,1,112
4.94719,44.33520,1,90,1,184
4.95090,44.39182,1,90,1,282
3.81725,43.95632,1,90,1,75
5.01995,43.97143,1,90,1,157
5.02777,43.94728,1,90,1,353
4.87302,44.02550,1,90,1,18
-1.26182,46.92861,1,90,1,130
-1.03951,46.61225,1,90,1,358
-1.77654,46.82353,1,90,1,287
-1.35511,46.61553,1,90,1,309
-0.99758,46.90868,1,90,1,197
-1.43201,46.51876,1,90,1,165
-1.97385,46.82271,1,90,1,255
-1.67234,46.47738,1,90,1,278
-1.35055,46.69851,1,90,1,62
-0.89852,46.48757,1,90,1,300
-1.93756,46.87034,1,90,1,123
-1.44718,46.79901,1,90,1,325
-0.83579,46.42814,1,90,1,41
-1.07414,46.47490,1,90,1,67
-1.82005,46.66168,1,90,1,145
-1.45903,46.67063,1,90,1,209
-1.88660,46.92315,1,90,1,1
-1.81682,46.65886,1,90,1,141
-1.41732,46.36646,1,90,1,23
-1.09676,46.75346,1,90,1,154
-1.87984,46.81206,1,90,1,182
-1.75844,46.59242,1,90,1,24
-1.93751,46.76167,1,90,1,215
0.24262,46.63123,1,90,1,103
0.42932,46.72655,1,90,1,230
0.46540,46.55885,1,90,1,270
0.58064,46.44356,1,90,1,130
0.27808,46.66419,1,90,1,154
0.39170,46.40528,1,90,1,158
0.26731,46.46020,1,90,1,5
0.64623,46.82491,1,90,1,270
0.79316,46.34620,1,90,1,321
0.05687,46.65972,1,90,1,93
0.44473,46.81569,1,90,1,264
0.54621,46.46312,1,90,1,130
0.54698,46.46275,1,90,1,310
0.34505,46.61966,1,90,1,90
0.35714,46.61857,1,90,1,293
1.28264,45.82844,1,90,1,332
1.25530,45.89166,1,90,1,280
1.19369,45.82066,1,90,1,256
0.98549,45.63938,1,90,1,158
1.29123,45.76771,1,90,1,155
6.83851,47.87434,1,90,1,246
6.94258,48.38485,1,90,1,74
6.78715,48.07871,1,90,1,283
6.78903,48.07852,1,90,1,103
6.41021,48.19700,1,90,1,49
6.51834,48.22699,1,90,1,191
6.28129,48.14996,1,90,1,227
6.56418,48.15230,1,90,1,293
6.51273,48.17327,1,90,1,125
6.94429,48.27530,1,90,1,336
6.04727,48.19619,1,90,1,41
3.21830,48.27953,1,90,1,318
3.30188,48.16192,1,90,1,156
3.31378,48.02243,1,90,1,219
3.45362,47.95525,1,90,1,299
3.78207,47.57093,1,90,1,188
3.49282,47.63896,1,90,1,29
3.72855,47.96286,1,90,1,9
3.81126,48.06650,1,90,1,33
3.81131,48.06666,1,90,1,213
3.59398,47.87780,1,90,1,218
3.55115,47.84113,1,90,1,352
3.29955,48.07798,1,90,1,30
3.95537,47.84317,1,90,1,241
3.62507,47.84928,1,90,1,68
3.19024,48.17681,1,90,1,256
3.62351,47.79269,1,90,1,280
4.01478,47.90139,1,90,1,4
3.81369,47.96417,1,90,1,287
3.46824,48.20359,1,90,1,225
3.39464,48.17392,1,90,1,260
3.37297,48.17324,1,90,1,109
6.84767,47.59099,1,90,1,146
6.92787,47.56507,1,90,1,322
6.87821,47.72265,1,90,1,261
6.97982,47.69456,1,90,2,65
2.17316,48.39584,1,90,1,195
2.19018,48.70762,1,90,1,145
2.50410,48.64512,1,90,1,19
2.21066,48.74923,1,90,1,100
2.20927,48.53668,1,90,1,10
1.95746,48.44314,1,90,1,349
2.29231,48.71847,1,90,1,210
2.18053,48.46365,1,90,1,203
2.14098,48.42389,1,90,1,62
2.45626,48.61717,1,90,1,38
2.19435,48.48507,1,90,1,23
2.33339,48.60914,1,90,1,56
2.33327,48.60922,1,90,1,236
2.27716,48.71343,1,90,1,105
2.31122,48.59436,1,90,1,26
2.23458,48.92625,1,90,1,233
2.36345,48.92991,1,90,1,249
2.56759,48.93381,1,90,1,262
2.42877,48.91851,1,90,1,342
2.44580,48.87801,1,90,1,233
2.40285,48.93546,1,90,1,251
2.37751,48.93343,1,90,1,262
2.39443,48.92528,1,90,1,78
2.41473,48.93836,1,90,1,250
2.45659,48.88260,1,90,1,56
2.40758,48.77409,1,90,1,89
2.44853,48.81660,1,90,1,99
2.47950,48.82891,1,90,1,77
2.34565,48.77230,1,90,1,185
2.33934,48.80901,1,90,1,150
2.44872,48.80720,1,90,1,188
2.38489,49.00188,1,90,1,345
2.24148,48.93390,1,90,1,47
2.08447,49.06073,1,90,1,207
2.14316,49.05011,1,90,1,255
2.25439,49.13695,1,90,1,343
2.50756,49.03751,1,90,1,208
2.33196,49.04785,1,90,1,148
2.34618,49.03371,1,90,1,355
1.96008,49.05440,1,90,1,221
2.48233,48.99790,1,90,1,32
2.52950,49.08044,1,90,1,3
55.39204,-20.88574,1,90,1,44
-61.27969,16.25545,1,90,1,249
-61.63553,15.98958,1,90,1,346
-61.52341,16.23369,1,90,1,188
-61.56130,16.25420,1,90,1,91
-61.56190,16.25424,1,90,1,271
-61.00300,14.60520,1,90,1,329
-61.00270,14.60450,1,90,1,148
-60.98356,14.59177,1,90,1,350
-60.97691,14.49705,1,90,1,146
-60.98281,14.58958,1,90,1,150
-60.96749,14.66495,1,90,1,217
-60.97789,14.63219,1,90,1,8
-60.97800,14.63224,1,90,1,188
-52.35380,4.81139,1,90,1,51
-52.32896,4.91387,1,90,1,322
-52.47078,5.01053,1,90,1,309
5.63330,46.14633,1,110,1,215
5.92093,46.17681,1,110,1,69
3.05402,49.25074,1,110,1,248
3.28314,49.78307,1,110,1,186
5.94933,44.19735,1,110,1,320
7.13347,43.64319,1,110,1,42
7.15843,43.66064,1,110,1,277
7.48348,43.79724,1,110,1,266
4.91715,49.69130,1,110,1,274
4.36355,49.52216,1,110,1,253
5.02885,49.75326,1,110,1,235
4.11186,48.33020,1,110,1,311
4.09345,48.33281,1,110,1,66
4.76079,43.59710,1,110,1,190
5.28439,43.41048,1,110,1,318
4.85978,43.50795,1,110,1,319
5.43639,43.51368,1,110,1,134
4.65191,43.65638,1,110,1,118
5.34191,43.40428,1,110,1,296
-0.22615,48.95794,1,110,1,343
-1.09532,49.31486,1,110,1,19
-0.38304,49.25934,1,110,1,205
3.13630,45.11071,1,110,1,39
3.13599,45.11062,1,110,1,219
3.20357,45.26972,1,110,1,222
0.14835,45.67843,1,110,1,223
0.10070,45.61718,1,110,2,42
-0.25411,45.67002,1,110,1,114
0.10092,45.61755,1,110,1,221
0.14715,45.67750,1,110,1,42
-0.13069,45.48265,1,110,1,4
-0.62296,45.73027,1,110,1,267
-0.23901,45.30020,1,110,1,10
-1.03557,46.19951,1,110,1,89
1.51303,45.23604,1,110,1,168
1.52657,45.19644,1,110,1,119
1.48336,45.15430,1,110,1,170
4.95722,47.33710,1,110,1,71
4.75637,47.08771,1,110,1,132
5.07984,47.31674,1,110,1,10
-2.48071,48.44624,1,110,1,337
-3.11234,48.55063,1,110,1,291
-3.17947,48.55730,1,110,1,132
-2.37677,48.38294,1,110,1,130
-2.07994,48.45606,1,110,1,230
-2.81736,48.43432,1,110,1,220
-3.27679,48.61078,1,110,1,333
-3.41200,48.54890,1,110,1,83
-2.30988,48.41691,1,110,1,267
-2.03844,48.51796,1,110,1,6
1.41002,46.21382,1,110,1,56
1.78326,46.19729,1,110,1,284
2.40391,46.28551,1,110,1,223
1.72289,46.21600,1,110,1,95
1.95289,46.19142,1,110,1,198
6.83195,47.50648,1,110,1,243
6.83161,47.50624,1,110,1,61
4.99045,44.99301,1,110,1,230
4.89038,44.94398,1,110,1,12
4.94326,44.93920,1,110,1,351
1.18830,49.08631,1,110,1,1
1.19373,48.99325,1,110,1,349
1.17659,48.86902,1,110,1,355
1.17931,48.85359,1,110,1,174
1.18201,49.13876,1,110,1,354
1.28327,48.74520,1,110,1,111
1.28273,48.74543,1,110,1,290
1.45172,48.75148,1,110,1,258
1.46346,48.50725,1,110,1,166
1.47573,48.41628,1,110,1,270
1.45308,48.75153,1,110,1,75
-3.59524,47.87005,1,110,1,295
-3.99182,48.21971,1,110,1,267
-4.14192,47.97129,1,110,1,44
-3.73697,48.57868,1,110,1,292
-3.73738,48.57859,1,110,1,112
-4.37707,48.45273,1,110,1,61
-3.59538,47.87008,1,110,1,115
-3.87041,48.55823,1,110,1,43
-4.04492,48.51840,1,110,1,266
-3.98791,47.96881,1,110,1,287
-4.07603,48.03900,1,110,1,234
4.22498,43.96413,1,110,1,318
4.13501,44.04362,1,110,1,112
-0.41983,45.03197,1,110,1,202
-0.33342,44.88357,1,110,1,266
3.97925,43.64658,1,110,1,232
3.88744,43.58256,1,110,1,46
3.92005,43.60099,1,110,1,238
3.65111,43.47547,1,110,1,55
-1.96277,48.18701,1,110,1,281
-1.50384,48.10563,1,110,1,111
-1.92697,48.56113,1,110,1,29
-1.94290,48.04307,1,110,1,71
-1.91592,48.05317,1,110,1,252
-1.43267,48.10174,1,110,1,274
-1.59982,48.01167,1,110,1,333
-1.68468,47.90617,1,110,1,197
-1.68011,48.05745,1,110,1,15
1.50220,46.60543,1,110,1,227
1.49904,46.60300,1,110,1,203
0.72968,47.41541,1,110,1,194
4.80630,45.37301,1,110,1,145
4.81082,45.58889,1,110,1,285
-1.03498,43.74011,1,110,1,122
-1.12237,43.72112,1,110,1,256
-0.73778,43.85171,1,110,1,62
-0.72096,43.85839,1,110,1,242
-1.32328,43.66586,1,110,1,29
-1.22826,43.71160,1,110,1,183
-0.97330,44.14000,1,110,1,39
4.48660,45.45964,1,110,1,40
-1.74478,47.29351,1,110,1,315
-1.65039,47.33021,1,110,1,157
-2.07812,47.44075,1,110,1,141
-1.64299,47.40606,1,110,1,12
-1.54041,47.27507,1,110,1,102
-1.46123,47.67993,1,110,1,69
-1.32428,47.15619,1,110,1,274
1.85817,47.88993,1,110,1,329
1.46460,44.35408,1,110,1,292
3.28066,44.70127,1,110,1,150
-0.92064,47.05444,1,110,1,159
-1.56400,49.55644,1,110,1,333
-1.41344,48.59330,1,110,1,57
-1.36069,48.69172,1,110,1,252
-1.40758,48.59611,1,110,1,236
-1.36786,48.66524,1,110,1,328
-1.35044,49.45087,1,110,1,155
4.39208,48.94538,1,110,1,170
3.90600,48.73014,1,110,1,265
4.74709,48.68134,1,110,1,298
4.86463,48.64774,1,110,1,282
6.33212,48.60652,1,110,1,168
5.91683,48.66952,1,110,1,206
6.23387,48.45001,1,110,1,12
6.09333,48.86720,1,110,1,14
6.10980,48.92112,1,110,1,179
6.24267,48.46069,1,110,1,222
5.42508,48.70344,1,110,1,79
5.33838,48.69309,1,110,1,282
5.06560,48.64306,1,110,1,71
-2.61633,47.94104,1,110,1,57
-3.25258,47.78871,1,110,1,279
-2.85987,47.66069,1,110,1,89
-2.52569,47.95004,1,110,1,298
-2.41502,47.53832,1,110,1,293
-2.67234,47.63776,1,110,1,292
-2.93871,47.67148,1,110,1,71
6.08266,49.31732,1,110,1,89
6.18405,49.15001,1,110,1,173
6.17426,49.27275,1,110,1,170
6.16995,49.05211,1,110,1,68
6.97164,48.70005,1,110,1,263
6.81469,49.13882,1,110,1,304
6.87553,49.16674,1,110,1,223
7.16517,48.75101,1,110,1,93
6.84555,49.15425,1,110,1,71
6.10671,49.36541,1,110,1,180
7.04164,49.14081,1,110,1,22
3.13988,47.03872,1,110,1,344
3.85430,50.29576,1,110,1,94
2.94557,50.60401,1,110,1,220
2.38751,51.01465,1,110,1,254
3.47885,50.37180,1,110,1,139
3.50634,50.33791,1,110,1,284
3.50645,50.33807,1,110,1,105
2.28696,50.99788,1,110,1,61
3.12345,50.71187,1,110,1,7
2.39546,50.97013,1,110,1,331
2.93722,50.64007,1,110,1,317
2.54268,49.22660,1,110,1,142
2.54613,49.22403,1,110,1,321
2.45297,49.30547,1,110,1,185
2.44189,49.31729,1,110,1,337
2.73263,49.08764,1,110,1,15
2.81047,49.43109,1,110,1,50
0.34437,48.50990,1,110,1,94
2.83965,50.44638,1,110,1,314
2.87516,50.32839,1,110,1,237
1.88217,50.93456,1,110,1,297
2.83181,50.46684,1,110,1,6
2.58546,50.44834,1,110,1,117
1.70845,50.73493,1,110,1,286
2.84831,50.43504,1,110,1,174
2.31175,50.36655,1,110,1,251
3.11474,45.85353,1,110,1,205
3.15233,45.71648,1,110,1,12
3.11585,46.03043,1,110,1,345
3.57523,45.88269,1,110,1,71
3.64083,45.87490,1,110,1,308
-1.42115,43.46079,1,110,1,337
-1.64229,43.38668,1,110,1,204
-1.49250,43.45000,1,110,1,342
0.31153,43.13964,1,110,1,332
2.92635,42.65433,1,110,1,168
3.03024,42.80211,1,110,1,19
2.89936,42.76704,1,110,1,193
2.83589,42.49131,1,110,1,307
2.82667,42.68983,1,110,1,80
2.98435,42.60732,1,110,1,12
2.98744,42.70658,1,110,1,99
3.02754,42.53793,1,110,1,293
2.88751,42.73981,1,110,1,209
7.72763,48.63792,1,110,1,212
7.62526,48.40155,1,110,1,41
7.72787,48.63831,1,110,1,33
7.65867,48.52458,1,110,1,88
7.36860,48.14629,1,110,1,193
7.22620,47.77274,1,110,1,108
7.33338,47.76568,1,110,1,63
7.30842,47.79849,1,110,1,148
7.40141,48.21060,1,110,1,187
7.36235,47.77361,1,110,2,105
7.30831,47.95849,1,110,1,9
7.36879,48.14626,1,110,1,13
7.30831,47.95849,1,110,1,190
5.73192,45.55761,1,110,1,277
5.82388,45.57791,1,110,1,103
6.15030,46.14891,1,110,1,25
6.08836,46.08583,1,110,1,15
6.08101,46.04968,1,110,1,174
5.90593,46.07598,1,110,1,213
1.08176,49.35340,1,110,1,26
2.61293,48.76824,1,110,1,169
2.63789,48.57905,1,110,1,174
2.52643,48.63183,1,110,1,83
2.64238,48.83147,1,110,1,264
2.55462,48.61810,1,110,1,301
2.55462,48.61810,1,110,1,121
2.08521,48.83307,1,110,1,40
1.62684,48.78856,1,110,1,38
1.74689,48.96694,1,110,1,122
2.18923,48.77981,1,110,1,96
2.01957,48.78117,1,110,1,262
2.18974,48.77991,1,110,1,275
2.07063,48.79035,1,110,1,221
1.77280,48.79850,1,110,1,78
2.21288,48.77807,1,110,1,96
2.00524,48.90347,1,110,1,1
2.15296,48.83206,1,110,1,77
-0.39869,46.34038,1,110,1,81
-0.80766,46.97227,1,110,1,312
2.67720,49.74341,1,110,1,107
1.79908,50.12790,1,110,1,192
2.32850,49.92349,1,110,1,115
6.82581,43.54488,1,110,1,42
5.89807,43.12558,1,110,1,113
6.87187,43.53372,1,110,1,107
6.04157,43.13773,1,110,1,315
4.88599,44.04274,1,110,1,197
4.86699,43.97433,1,110,1,251
-1.43070,46.76192,1,110,1,0
-1.43089,46.75927,1,110,1,180
1.36073,45.69851,1,110,1,301
1.33778,46.00461,1,110,1,176
1.27619,45.85005,1,110,1,175
6.48606,48.15881,1,110,1,194
6.89417,48.33508,1,110,1,153
6.31430,48.34078,1,110,1,149
6.31446,48.34087,1,110,1,330
6.58708,48.05457,1,110,1,222
6.86219,47.62425,1,110,1,209
6.85633,47.60145,1,110,1,10
2.40650,48.63208,1,110,2,134
2.34286,48.67389,1,110,1,322
2.44362,48.70378,1,110,1,179
2.14685,48.63501,1,110,1,219
2.15348,48.63988,1,110,1,44
2.30835,48.71338,1,110,1,194
2.19373,48.64555,1,110,1,303
2.36035,48.62561,1,110,1,275
2.45011,48.95087,1,110,1,51
2.23370,48.97705,1,110,1,124
2.28230,49.05965,1,110,1,133
2.14727,49.01417,1,110,1,316
2.24616,49.07088,1,110,1,311
2.35800,49.06084,1,110,1,65
2.14399,49.01624,1,110,1,316
2.48750,49.03543,1,110,1,328
2.47331,48.97726,1,110,1,275
55.54837,-20.90258,1,110,1,95
55.50170,-21.30235,1,110,1,54
55.42570,-21.30212,1,110,1,318
-61.60189,16.21061,1,110,1,21
5.14819,45.86382,1,130,1,98
2.80370,46.35547,1,130,1,104
4.42444,49.53400,1,130,1,28
1.63094,43.19762,1,130,1,20
4.32497,48.16988,1,130,1,290
4.17438,48.65618,1,130,1,350
4.16052,48.36440,1,130,1,166
3.89493,48.27293,1,130,1,90
4.61627,48.14238,1,130,1,131
2.36945,43.19251,1,130,1,278
2.41513,43.19187,1,130,1,53
3.06718,43.19072,1,130,1,230
2.77883,43.17029,1,130,1,90
5.50854,43.50592,1,130,1,296
-1.00788,48.95182,1,130,1,229
3.17041,45.17558,1,130,1,232
2.27490,47.07583,1,130,1,137
2.16569,47.18839,1,130,1,317
1.51506,45.51187,1,130,1,201
2.04448,45.43246,1,130,1,26
1.89662,45.33550,1,130,1,222
1.57356,45.37173,1,130,1,6
2.33947,45.52736,1,130,1,256
4.50279,47.30296,1,130,1,168
4.50317,47.30285,1,130,1,348
5.17973,47.64210,1,130,1,182
0.48185,45.09674,1,130,1,40
6.47446,47.40673,1,130,1,65
4.79383,44.60511,1,130,1,173
1.12083,49.29768,1,130,1,345
0.51381,49.39026,1,130,1,230
0.83013,48.19244,1,130,1,274
0.83052,48.19226,1,130,1,94
1.85291,48.26521,1,130,1,11
1.85265,48.26529,1,130,1,190
4.29941,43.78859,1,130,1,38
4.29998,43.78889,1,130,1,216
4.60287,43.93630,1,130,1,232
4.46171,43.73720,1,130,1,130
0.97545,43.17351,1,130,1,218
0.97542,43.17312,1,130,1,26
1.56835,43.70005,1,130,1,1
-0.31670,44.57401,1,130,1,118
-0.70319,44.74529,1,130,1,231
-0.84327,44.59384,1,130,1,338
-0.43174,44.97788,1,130,1,205
3.45856,43.38928,1,130,1,224
3.69314,43.62938,1,130,1,106
1.62300,46.81702,1,130,1,216
1.47515,46.42850,1,130,1,207
1.62772,46.75071,1,130,1,32
1.86840,47.09913,1,130,1,59
0.59921,47.11779,1,130,1,216
5.40095,45.46978,1,130,1,342
5.49186,45.37101,1,130,1,108
5.38718,45.17365,1,130,1,232
5.86062,45.24398,1,130,1,65
5.42098,47.08658,1,130,1,300
-1.08386,43.94253,1,130,1,45
-0.81917,44.41025,1,130,1,173
1.53789,47.74721,1,130,1,225
-1.47288,47.10002,1,130,1,313
1.85452,47.99432,1,130,1,159
1.56896,47.76794,1,130,1,53
1.51209,44.57087,1,130,1,176
0.27963,44.26636,1,130,1,154
-0.06775,47.34454,1,130,1,136
-0.82626,47.11548,1,130,1,189
-1.08301,48.92072,1,130,1,49
-1.29543,48.73513,1,130,1,195
5.19460,47.73552,1,130,1,5
-0.46382,48.05172,1,130,1,283
5.23567,49.09063,1,130,1,105
3.40671,50.41993,1,130,1,317
3.35807,50.28992,1,130,1,219
2.74650,50.72106,1,130,1,115
2.74672,50.72102,1,130,1,294
3.04062,50.52265,1,130,1,25
3.06035,50.55145,1,130,1,202
2.20196,49.57441,1,130,1,23
2.72729,49.54118,1,130,1,194
2.72737,49.54104,1,130,1,14
2.64232,49.22298,1,130,1,236
0.17598,48.56112,1,130,1,174
0.16226,48.53360,1,130,1,17
0.31870,48.78359,1,130,1,214
1.74020,50.86403,1,130,1,44
3.01678,50.42418,1,130,1,97
1.72406,50.85056,1,130,1,220
3.25540,45.49747,1,130,1,38
7.55758,48.49264,1,130,1,24
7.77550,48.67764,1,130,1,82
7.37192,47.97160,1,130,1,193
7.52661,47.60763,1,130,1,318
4.73284,46.00412,1,130,1,160
4.88029,46.46631,1,130,1,25
4.87938,46.46546,1,130,1,204
4.83175,46.75106,1,130,1,169
4.83568,46.73408,1,130,1,171
4.83568,46.73408,1,130,1,351
0.23936,48.05757,1,130,1,100
6.06493,45.49571,1,130,1,256
5.89704,45.61626,1,130,1,193
6.11821,45.95157,1,130,1,263
1.02772,49.47280,1,130,1,125
1.74436,49.78030,1,130,1,71
1.48640,49.78585,1,130,1,233
2.51525,48.47843,1,130,1,162
2.51544,48.47844,1,130,1,342
2.06080,48.81482,1,130,1,222
2.06109,48.81467,1,130,1,40
-0.36758,46.38464,1,130,1,146
2.85496,49.95830,1,130,1,8
1.68468,49.98566,1,130,1,31
2.85220,49.94298,1,130,1,186
2.41569,49.85738,1,130,1,278
0.87261,44.05776,1,130,1,277
6.80334,43.54719,1,130,1,298
4.79919,44.12316,1,130,1,317
4.73486,44.19524,1,130,1,125
0.28340,46.55480,1,130,1,33
0.28586,46.56030,1,130,1,193
0.51957,46.82558,1,130,1,18
5.73017,48.17626,1,130,1,242
5.70707,48.16380,1,130,1,50
3.73178,47.73872,1,130,1,325
